Taxon	ADHD1	ADHD2	ADHD3	ADHD4	ADHD5	ADHD6	ADHD7	ADHD8	ADHD9	ADHD10	ADHD11	ADHD12	ADHD13	ADHD14	ADHD15	ADHD16	ADHD17	ADHD18	ADHD19	ADHD20	ADHD21	ADHD23	ADHD24	ADHD25	ADHD26	ADHD27	ADHD28	ADHD29	Control1	Control2	Control3	Control4	Control5	Control6	Control7	Control8	Control9	Control10	Control11	Control12	Control13	Control14	Control15	Control16	Control17	Control18	Control19	Control20	Control22	Control24	Control25	Control26	Control27	Control28	Control29	Control30	Control31	Control32
Unassigned;Other;Other;Other;Other;Other	0.0	0.0	0.000242196724289	0.0	0.0	0.0	0.0	0.0	0.0	0.0	0.0	0.0	0.0	0.0	0.0	0.0	0.0	0.0	0.0	0.0	0.0	0.0	0.0	0.0	0.0	0.0	0.0	0.0	0.0	0.0	0.0	0.0	0.0	0.000406559154357	0.0	0.0	0.0	0.000155096470004	0.0	0.0	0.0	0.0	0.0	0.0	0.0	0.0	0.0	0.0	0.0	0.0	0.0	0.0	0.0	0.0	0.0	0.0	0.0	0.0
k__Archaea;p__Euryarchaeota;c__Methanobacteria;o__Methanobacteriales;f__Methanobacteriaceae;g__Methanobrevibacter	0.00435706918689	0.00281590989088	0.0	0.0	0.0	0.0	0.000587877133679	0.0	0.0	0.0	0.0	0.0	0.0	0.00177481974487	0.0	0.0	0.0	0.0	0.0130701071286	0.0	0.0	0.0	0.00304529881995	0.0	0.00155999082358	0.0	0.0	0.0	0.0	0.0	0.00540515780312	0.0	0.0	0.0	0.0	0.0	0.0	0.0	0.0	0.0	0.0	0.0	0.0	0.0	0.000119840851349	0.00353289612862	0.0	0.0	0.0	0.0	0.0	0.0	0.000152726161992	0.0	0.0	0.0	0.0	0.0
k__Archaea;p__Euryarchaeota;c__Methanobacteria;o__Methanobacteriales;f__Methanobacteriaceae;g__Methanosphaera	0.0	0.0	0.0	0.0	0.0	0.0	0.0	0.0	0.0	0.0	0.0	0.0	0.0	0.000591606581623	0.0	0.0	0.0	0.0	0.00164165596784	0.0	0.0	0.0	0.0	0.0	0.0	0.0	0.0	0.0	0.0	0.0	0.0	0.0	0.0	0.0	0.0	0.0	0.0	0.0	0.0	0.0	0.0	0.0	0.0	0.0	0.0	0.0	0.0	0.0	0.0	0.0	0.0	0.0	0.0	0.0	0.0	0.0	0.0	0.0
k__Archaea;p__Euryarchaeota;c__Thermoplasmata;o__E2;f__[Methanomassiliicoccaceae];g__vadinCA11	0.0	0.0	0.0	0.0	0.0	0.0	0.0	0.0	0.0	0.0	0.0	0.0	0.0	0.000406729524866	0.0	0.0	0.0	0.0	0.0	0.0	0.0	0.0	0.0	0.0	0.0	0.0	0.0	0.0	0.0	0.0	0.0	0.0	0.0	0.0	0.0	0.0	0.0	0.0	0.0	0.0	0.0	0.0	0.0	0.0	0.0	0.0	0.0	0.0	0.0	0.0	0.0	0.0	0.0	0.0	0.0	0.0	0.0	0.0
k__Bacteria;p__Acidobacteria;c__Acidobacteria-6;o__iii1-15;f__;g__	0.0	0.0	0.0	0.0	0.0	0.0	0.0	0.0	0.0	0.0	0.0	0.0	0.0	0.0	0.0	0.0	0.0	0.0	0.0	0.0	0.0	0.0	0.0	0.0	0.0	0.0	0.0	0.0	0.0	0.0	0.0	0.0	0.0	0.0	0.0	0.0	0.0	0.0	0.0	0.0	0.0	0.0	0.0	0.0	0.0	0.0	0.0	0.0	0.0	0.0	0.0	0.0	0.0	0.0	0.0	0.0	0.0	0.0
k__Bacteria;p__Actinobacteria;c__Actinobacteria;o__Actinomycetales;f__Actinomycetaceae;g__Actinomyces	0.0	0.0	0.0	0.0	0.0	0.0	0.0	0.0	0.000104508496541	0.0	0.000149372634933	0.0	0.0	0.000110926234054	0.0	0.0	0.0	0.0	0.000126281228295	0.0	0.0	0.0	0.0	0.0	0.0	0.0	0.0	0.0	0.0	0.0	0.0	0.0	0.0	0.0	0.0	0.0	0.0	0.00034121223401	0.0	0.0	0.0	0.000112346927312	0.0	0.0	0.0	0.000359636132854	0.0	0.0	0.000229534878868	0.0	0.0	0.0	0.0	0.0	0.0	0.0	0.0	0.0
k__Bacteria;p__Actinobacteria;c__Actinobacteria;o__Actinomycetales;f__Actinomycetaceae;g__Mobiluncus	0.0	0.0	0.0	0.0	0.0	0.0	0.0	0.0	0.0	0.0	0.0	0.000126398280983	0.0	0.0	0.0	0.0	0.0	0.0	0.0	0.0	0.0	0.0	0.0	0.0	0.0	0.0	0.0	0.0	0.0	0.0	0.0	0.0	0.0	0.0	0.0	0.0	0.0	0.0	0.0	0.0	0.0	0.0	0.0	0.0	0.0	0.0	0.0	0.0	0.0	0.0	0.0	0.0	0.0	0.0	0.0	0.0	0.0	0.0
k__Bacteria;p__Actinobacteria;c__Actinobacteria;o__Actinomycetales;f__Cellulomonadaceae;g__Actinotalea	0.0	0.0	0.0	0.0	0.0	0.0	0.0	0.0	0.0	0.0	0.0	0.0	0.0	0.0	0.0	0.0	0.0	0.0	0.0	0.0	0.0	0.0	0.0	0.0	0.0	0.0	0.0	0.0	0.0	0.0	0.0	0.0	0.0	0.0	0.0	0.0	0.0	0.0	0.0	0.0	0.0	0.0	0.0	0.0	0.0	0.0	0.0	0.0	0.0	0.0	0.0	0.0	0.0	0.0	0.0	0.0	0.0	0.0
k__Bacteria;p__Actinobacteria;c__Actinobacteria;o__Actinomycetales;f__Corynebacteriaceae;g__Corynebacterium	0.0	0.0	0.0	0.0	0.0	0.0	0.0	0.0	0.0	0.0	0.0	0.0	0.0	0.0	0.0	0.0	0.0	0.0	0.0	0.0	0.0	0.0	0.0	0.0	0.0	0.0	0.0	0.0	0.0	0.0	0.0	0.0	0.0	0.0	0.0	0.0	0.0	0.0	0.0	0.0	0.000722724987431	0.0	0.0	0.0	0.0	0.0	0.0	0.000255255952105	0.0	0.0	0.0	0.0	0.0	0.0	0.0	0.0	0.0	0.0
k__Bacteria;p__Actinobacteria;c__Actinobacteria;o__Actinomycetales;f__Dermabacteraceae;g__Brachybacterium	0.0	0.0	0.0	0.0	0.0	0.0	0.0	0.0	0.0	0.0	0.0	0.0	0.0	0.0	0.0	0.0	0.0	0.0	0.0	0.0	0.0	0.0	0.0	0.0	0.0	0.0	0.0	0.0	0.0	0.0	0.0	0.0	0.0	0.0	0.0	0.0	0.0	0.0	0.0	0.0	0.0	0.0	0.0	0.0	0.0	0.0	0.0	0.0	0.0	0.0	0.0	0.0	0.0	0.0	0.0	0.0	0.0	0.0
k__Bacteria;p__Actinobacteria;c__Actinobacteria;o__Actinomycetales;f__Micrococcaceae;g__Microbispora	0.0	0.0	0.0	0.0	0.0	0.0	0.000104978059586	0.0	0.0	0.0	0.0	0.0	0.0	0.0	0.0	0.0	0.0	0.0	0.0	0.0	0.0	0.0	0.0	0.0	0.0	0.0	0.0	0.0	0.0	0.0	0.0	0.0	0.0	0.0	0.0	0.0	0.0	0.0	0.0	0.0	0.0	0.0	0.0	0.0	0.0	0.0	0.0	0.0	0.0	0.0	0.0	0.0	0.0	0.0	0.0	0.0	0.0	0.0
k__Bacteria;p__Actinobacteria;c__Actinobacteria;o__Actinomycetales;f__Micrococcaceae;g__Micrococcus	0.0	0.0	0.0	0.0	0.0	0.0	0.0	0.0	0.0	0.0	0.0	0.0	0.0	0.0	0.0	0.0	0.0	0.0	0.0	0.0	0.0	0.0	0.0	0.0	0.0	0.0	0.0	0.0	0.0	0.0	0.0	0.0	0.0	0.0	0.0	0.0	0.000126863304789	0.0	0.0	0.0	0.0	0.0	0.0	0.0	0.0	0.0	0.0	0.0	0.0	0.0	0.0	0.0	0.0	0.0	0.0	0.0	0.0	0.0
k__Bacteria;p__Actinobacteria;c__Actinobacteria;o__Actinomycetales;f__Micrococcaceae;g__Rothia	0.0	0.0	0.0	0.0	0.0	0.0	0.0	0.0	0.0	0.0	0.0	0.0	0.0	0.0	0.0	0.0	0.0	0.0	0.0	0.0	0.0	0.0	0.0	0.0	0.0	0.0	0.0	0.0	0.0	0.0	0.0	0.0	0.0	0.0	0.0	0.0	0.0	0.000186115764005	0.0	0.0	0.0	0.0	0.0	0.0	0.0	0.0	0.0	0.0	0.0	0.0	0.0	0.0	0.0	0.0	0.0	0.0	0.0	0.0
k__Bacteria;p__Actinobacteria;c__Actinobacteria;o__Actinomycetales;f__Mycobacteriaceae;g__Mycobacterium	0.0	0.000219992960225	0.0	0.0	0.0	0.0	0.0	0.0	0.0	0.0	0.0	0.0	0.0	0.0	0.0	0.0	0.0	0.0	0.0	0.0	0.0	0.0	0.0	0.0	0.0	0.0	0.0	0.0	0.0	0.0	0.0	0.0	0.0	0.0	0.0	0.0	0.0	0.0	0.0	0.0	0.0	0.0	0.0	0.0	0.0	0.0	0.0	0.0	0.0	0.0	0.0	0.0	0.0	0.0	0.0	0.0	0.0	0.0
k__Bacteria;p__Actinobacteria;c__Actinobacteria;o__Actinomycetales;f__Propionibacteriaceae;g__Propionibacterium	0.0	0.0	0.0	0.0	0.0	0.0	0.000272942954922	0.0	0.0	0.0	0.0	0.0	0.0	0.0	0.0	0.0	0.0	0.0	0.0	0.0	0.0	0.0	0.0	0.0	0.0	0.0	0.0	0.0	0.0	0.0	0.0	0.0	0.0	0.0	0.0	0.0	0.0	0.0	0.0	0.0	0.0	0.0	0.0	0.0	0.0	0.0	0.0	0.0	0.0	0.0	0.0	0.0	0.0	0.0	0.0	0.0	0.0	0.0
k__Bacteria;p__Actinobacteria;c__Actinobacteria;o__Bifidobacteriales;f__Bifidobacteriaceae;g__Bifidobacterium	0.13498495022	0.00145195353749	0.0416275619872	0.00910264890233	0.0	0.0424586429665	0.0993722312037	0.0125880538535	0.0320423050394	0.0	0.166027683728	0.0151045945775	0.0	0.00440007395082	0.0220316991884	0.00313052946781	0.058453419931	0.010621582553	0.0202681371414	0.00138639442922	0.00265283403207	0.0	0.225923106205	0.0142563911177	0.0772654278504	0.0	0.0163011397176	0.0105001693576	0.00387516434849	0.00298421680888	0.133296688196	0.0503193060554	0.0286513663041	0.017075484483	0.0252442996743	0.0495326126691	0.0351728512528	0.000527327998015	0.0152147569678	0.00822733423545	0.0422008547009	0.0127513762499	0.014490870102	0.00885229316547	0.0156991515268	0.0600380791199	0.0916807794434	0.0377314707384	0.0236003589091	0.00499290000458	0.0211876509231	0.0813717711364	0.0393269867128	0.0112775941133	0.0433570488659	0.00372130724734	0.0757045189261	0.0
k__Bacteria;p__Actinobacteria;c__Coriobacteriia;o__Coriobacteriales;f__Coriobacteriaceae;g__	0.000399924224884	0.000219992960225	0.000514668039115	0.000755929320609	0.000135519718119	0.000112028081706	0.00119674987928	0.000125046892585	0.000209016993082	0.0	0.000746863174666	0.000221196991721	0.0	0.00669254945461	0.00165364947719	0.00103443582415	0.000253704079562	0.0	0.0105234356913	0.0	0.000142116108861	0.0	0.00228397411496	0.000223922373577	0.00151410874054	0.0	0.000544884893066	0.000112905046856	0.0	0.0	0.00980257432092	0.0	0.0466583924101	0.00386231196639	0.000364306531802	0.000626664577785	0.0	0.00127179105404	0.0	0.00146143437077	0.0	0.0	0.0	0.00266973920863	0.0012703130243	0.00289824412947	0.0	0.000208845778995	0.0	0.000183225688241	0.00283021317477	0.000264480296218	0.00244361859186	0.0	0.000223030086759	0.0	0.00225112556278	0.0
k__Bacteria;p__Actinobacteria;c__Coriobacteriia;o__Coriobacteriales;f__Coriobacteriaceae;g__Adlercreutzia	0.0	0.000747976064766	0.000666040991796	0.0	0.000406559154357	0.00018671346951	0.000230951731088	0.000125046892585	0.00033442718893	0.000872558049348	0.0	0.00037919484295	0.0	0.0	0.00379067341695	0.000653327888934	0.0	0.000565646408145	0.00136804663987	0.0	0.000236860181435	0.000993829972256	0.000609059763989	0.00108229147229	0.0	0.0	0.0	0.000564525234278	0.000207598090098	0.0	0.000916128441207	0.0	0.000189326209058	0.00162623661743	0.000171438367907	0.00060055355371	0.000412305740565	0.00421862398412	0.000471253534402	0.0	0.0	0.0	0.000162453700695	0.000365332733813	0.000383490724318	0.000169240533108	0.0	0.000696152596649	0.0	0.0	0.000129826292421	0.0	0.00012727180166	0.000319931747894	0.000691393268952	0.000515824766958	0.000396031349008	0.0
k__Bacteria;p__Actinobacteria;c__Coriobacteriia;o__Coriobacteriales;f__Coriobacteriaceae;g__Collinsella	0.017449325391	0.00695177754312	0.0109291271836	0.0022362909068	0.0	0.0249822622204	0.0232001511684	0.0	0.00618690299521	0.0	0.0	0.00189597421475	0.00153765621933	0.00987243483084	0.0234055002926	0.00353885939839	0.00568297138218	0.00232543523349	0.0317597289163	0.0	0.00286600819536	0.0	0.0370765131329	0.00436648628475	0.0174351915577	0.0	0.00476774281433	0.0	0.0044633589371	0.00793580618064	0.0807567220924	0.0	0.00540631508088	0.00894430139585	0.0175510029145	0.00986996710011	0.00513796384396	0.000899559526025	0.0	0.00633288227334	0.0	0.00426918323784	0.0184872311391	0.00385004496403	0.0122237668376	0.030717156759	0.0	0.0	0.0	0.00966515505474	0.0118141926103	0.0289165123865	0.0156544316041	0.0311666844407	0.0031447242233	0.000257912383479	0.00614890778723	0.0
k__Bacteria;p__Actinobacteria;c__Coriobacteriia;o__Coriobacteriales;f__Coriobacteriaceae;g__Eggerthella	0.0	0.0	0.0	0.0	0.0050142295704	0.00160573583778	0.0	0.000250093785169	0.000501640783396	0.00121188617965	0.00420732921729	0.000315995702458	0.0	0.0	0.0	0.000136109976861	0.000253704079562	0.000188548802715	0.00130490602572	0.0	0.000284232217722	0.000993829972256	0.000152264940997	0.000149281582385	0.00013764624914	0.000353249899071	0.0	0.000112905046856	0.0	0.00260842654406	0.0	0.00172654088574	0.0	0.000135519718119	0.000364306531802	0.0	0.0	0.0	0.000269287733944	0.0	0.00191679235797	0.0	0.000942231464033	0.0	0.0	0.0	0.000961759601915	0.000348076298325	0.000438202950567	0.0	0.000155791550905	0.000264480296218	0.0	0.000293270768903	0.000669090260276	0.0	0.0	0.000317598951923
k__Bacteria;p__Actinobacteria;c__Coriobacteriia;o__Coriobacteriales;f__Coriobacteriaceae;g__Slackia	0.000589362015618	0.0	0.0	0.000314970550254	0.0	0.0	0.000839824476684	0.0	0.0	0.0	0.0	0.0	0.0	0.000591606581623	0.00206070165619	0.0	0.0	0.0	0.00406204617684	0.0	0.0	0.0	0.000418728587743	0.0	0.0	0.0	0.000635699041911	0.0	0.0	0.0	0.00201548257066	0.0	0.00370237919936	0.0	0.0	0.0	0.000666032350143	0.0	0.0	0.00113667117727	0.0	0.0	0.0	0.0	0.0	0.000846202665538	0.0	0.0	0.0	0.000320644954423	0.0	0.0	0.000356361044647	0.0	0.0	0.0	0.0	0.0
k__Bacteria;p__Bacteroidetes;c__Bacteroidia;o__Bacteroidales;f__;g__	0.0	0.0	0.0	0.0	0.0	0.0	0.0	0.0	0.0	0.0	0.0	0.0	0.0	0.0107228692919	0.0	0.0	0.0	0.0	0.0	0.0	0.0	0.0	0.000114198705748	0.0	0.0129387474191	0.0	0.0	0.0	0.0	0.0	0.0	0.0	0.0	0.0	0.0	0.0	0.0	0.0	0.0	0.0	0.0	0.0	0.0	0.0	0.000934758640525	0.00222128199704	0.0	0.0	0.0	0.0	0.0	0.0	0.000305452323983	0.0	0.0	0.0	0.00412706353177	0.0
k__Bacteria;p__Bacteroidetes;c__Bacteroidia;o__Bacteroidales;f__Bacteroidaceae;g__Bacteroides	0.0446020753962	0.0271031326998	0.191274863007	0.00384264071309	0.354858381895	0.0967549198999	0.0214155241555	0.312075361594	0.0848399974918	0.113093218285	0.147430790679	0.35732794034	0.0695544068573	0.00125716398595	0.067138168774	0.178086293725	0.522934848792	0.243290805103	0.0981415612569	0.609887512997	0.268907363983	0.117893080459	0.026722497145	0.233252472476	0.0412479926589	0.45054501413	0.0654770013168	0.0856949305634	0.0810670541831	0.193089880189	0.0118180568916	0.0561229796351	0.0068157435261	0.0490581379591	0.0847762729299	0.0638675648859	0.174088169997	0.427476890626	0.427426955702	0.38300405954	0.255153343389	0.322154814066	0.0372018974592	0.0571324190647	0.186951728105	0.0396022847472	0.111208680926	0.0850002320509	0.10904993427	0.0817644633778	0.127930828551	0.0658115137089	0.0620068217686	0.0590007465074	0.152842518456	0.419770826425	0.0224695681174	0.314859660963
k__Bacteria;p__Bacteroidetes;c__Bacteroidia;o__Bacteroidales;f__Porphyromonadaceae;g__Parabacteroides	0.00486223662885	0.00180394227385	0.0165904756138	0.00144886453117	0.0510231738718	0.00866350498525	0.00174263578912	0.028802467592	0.00455657044918	0.00315090406709	0.00271360286795	0.0110282500158	0.0106327291762	0.00199667221298	0.0057241712672	0.00397441132435	0.0238989242947	0.00232543523349	0.00635615515754	0.050981504238	0.0156090859566	0.00575593192265	0.0027788351732	0.00171673819742	0.00261527873365	0.0292692773516	0.00672024701448	0.00169357570283	0.00463635734551	0.0111631813962	0.00343548165453	0.0	0.00185118959968	0.00199891584226	0.0042216698097	0.00425609692412	0.00504281636537	0.0243191264967	0.0129258112293	0.031447902571	0.00999245852187	0.0400516795866	0.00100721294431	0.00562050359712	0.00814917789176	0.00471757986038	0.0016517175772	0.00297025107904	0.0	0.0149328935917	0.0140991353569	0.023009785771	0.00185816830423	0.00634531299989	0.0031447242233	0.0154747430087	0.0034392196098	0.028901504625
k__Bacteria;p__Bacteroidetes;c__Bacteroidia;o__Bacteroidales;f__Porphyromonadaceae;g__Porphyromonas	0.0	0.0	0.0	0.0	0.0	0.0	0.0	0.0	0.0	0.0	0.0	0.00126398280983	0.0	0.0	0.0	0.0	0.0	0.0	0.0	0.0	0.0	0.0	0.0	0.0	0.0	0.0	0.0	0.0	0.0	0.0	0.0	0.0	0.0	0.0	0.0	0.0	0.0	0.0	0.0	0.0	0.0	0.0	0.0	0.0	0.0	0.0	0.0	0.000162435605885	0.0	0.0	0.0	0.0	0.0	0.0	0.0	0.0	0.0	0.0
k__Bacteria;p__Bacteroidetes;c__Bacteroidia;o__Bacteroidales;f__Prevotellaceae;g__Prevotella	0.0	0.0	0.00326965577791	0.534284544395	0.00101639788589	0.0	0.0514812404208	0.0	0.0	0.0	0.0	0.0106806547431	0.506543217955	0.13954520244	0.0	0.0	0.0	0.0	0.000420937427651	0.00497841635945	0.0	0.000207047910887	0.000875523410735	0.000186601977981	0.0103234686855	0.0	0.0220678381692	0.0	0.552141720296	0.0	0.000366451376483	0.0	0.0330900140943	0.0	0.0	0.00336832210559	0.0	0.0	0.0	0.0	0.0	0.0	0.136071219702	0.0	0.000167777191889	0.00228474719695	0.0	0.0	0.246916929241	0.251614676378	0.0	0.0	0.0250216362063	0.257518396076	0.0	0.00029475700969	0.209104552276	0.000238199213943
k__Bacteria;p__Bacteroidetes;c__Bacteroidia;o__Bacteroidales;f__Rikenellaceae;g__	0.0105453703509	0.00615980288631	0.0251884593261	0.00286623200731	0.00589510773818	0.00545203330968	0.00554284154612	0.128589887875	0.00675124887653	0.0135973629357	0.0270115514838	0.0414902357328	0.00494012955572	0.000702532815678	0.0120334800417	0.00832993058391	0.0618023137812	0.0	0.0177004188327	0.0	0.0974916506786	0.00670835231273	0.00723258469737	0.0251539466318	0.000825877494838	0.00504642712959	0.0339190845934	0.000188175078093	0.00134938758563	0.00809054334851	0.0028858045898	0.0	0.00856175189852	0.00843610245291	0.00051431510372	0.00785941824638	0.00526482714875	0.0180532291085	0.0148108253669	0.0421109607578	0.00361362493715	0.0162341309965	0.0111443238677	0.0112129046763	0.0161785149322	0.00725618785699	0.000543603253256	0.0120898500951	0.0	0.0259722413082	0.0481395892296	0.0127832143172	0.00285088835718	0.0	0.00528581305618	0.0131903761836	0.00143821910955	0.020802731351
k__Bacteria;p__Bacteroidetes;c__Bacteroidia;o__Bacteroidales;f__S24-7;g__	0.0	0.0	0.000181647543217	0.00639390217015	0.0	0.0	0.0041781267715	0.0	0.0	0.0	0.0	0.00129558238008	0.0	0.0063227953411	0.0	0.0	0.0	0.0	0.0	0.0	0.0	0.0	0.0	0.0	0.00330350997935	0.0	0.0	0.0	0.0	0.000154737167868	0.0	0.0	0.0	0.0	0.0	0.0	0.0	0.0	0.0	0.0	0.0	0.0	0.0	0.00174235611511	0.000934758640525	0.00539454199281	0.0	0.0	0.0	0.0	0.0	0.0	0.0	0.0	0.0	0.0	0.0	0.0
k__Bacteria;p__Bacteroidetes;c__Bacteroidia;o__Bacteroidales;f__[Barnesiellaceae];g__	0.00214696162832	0.00228792678634	0.00323938118737	0.000125988220101	0.0	0.0	0.0	0.0	0.0	0.0	0.0	0.0	0.0	0.0	0.00188261632788	0.000462773921328	0.0	0.0	0.00065245301286	0.0	0.00679788720718	0.000828191643546	0.00414921964218	0.0	0.0	0.00514735567218	0.00140761930709	0.0	0.000726593315341	0.0	0.00164903119417	0.0	0.0	0.000304919365768	0.0	0.0	0.0	0.00390843104411	0.0	0.0	0.0	0.0	0.0	0.0033160971223	0.0022290398351	0.00262322826317	0.0	0.0	0.0	0.000641289908845	0.00553060005712	0.0	0.00167998778191	0.0	0.0	0.0	0.0	0.0
k__Bacteria;p__Bacteroidetes;c__Bacteroidia;o__Bacteroidales;f__[Odoribacteraceae];g__Butyricimonas	0.000294681007809	0.0	0.00112015984984	0.000913414595735	0.0	0.000373426939019	0.00149068844611	0.0	0.000501640783396	0.0	0.0	0.00205397206598	0.00127592750115	0.000221852468109	0.000610578268502	0.0	0.0	0.0	0.00065245301286	0.0	0.00348184466709	0.000289867075241	0.000532927293491	0.0	0.000229410415233	0.00363342753331	0.00149843345593	0.0	0.0	0.0019010566338	0.000458064220604	0.0	0.0	0.000474319013416	0.0	0.0	0.000158579130986	0.00210931199206	0.0	0.0	0.0	0.0	0.0	0.0	0.00170174008916	0.000232705733023	0.0	0.0	0.0	0.00316064312217	0.0	0.0	0.000458178485975	0.0	0.0	0.0	0.0	0.0
k__Bacteria;p__Bacteroidetes;c__Bacteroidia;o__Bacteroidales;f__[Odoribacteraceae];g__Odoribacter	0.000631459302448	0.000527983104541	0.00190729920378	0.000157485275127	0.00453991055699	0.0	0.000440907850259	0.00621066233171	0.000982379867483	0.00096950894372	0.000348536148178	0.00385514756999	0.000523457436367	0.0	0.000279848373063	0.00111610181026	0.00756038157094	0.00804474891584	0.00109443731189	0.0	0.00566095833629	0.000372686239596	0.000647125999239	0.0	0.00146822665749	0.000656035526847	0.00118058393498	0.0	0.000311397135146	0.0	0.000137419266181	0.0	0.000105181227255	0.000542078872476	0.0	0.000313332288892	0.000729464002537	0.0	0.00531843274539	0.0	0.0	0.00185372430064	0.000649814802781	0.00348471223022	0.00160586740808	0.000253860799662	0.000376340713793	0.0	0.0	0.00114516055151	0.00394671928959	0.0	0.00012727180166	0.0	0.00107054441644	0.000147378504845	0.000646156411539	0.0
k__Bacteria;p__Bacteroidetes;c__Bacteroidia;o__Bacteroidales;f__[Paraprevotellaceae];g__	0.0	0.0	0.0	0.000818923430659	0.0	0.0	0.0	0.0	0.0	0.0	0.0	0.000821588826392	0.0	0.000295803290812	0.0	0.0	0.0	0.0	0.0	0.0	0.0	0.0	0.0	0.0	0.000596467079605	0.0	0.0	0.0	0.0	0.0	0.0	0.0	0.0	0.0	0.0	0.0	0.0	0.0	0.0	0.0	0.0	0.0	0.0	0.0	0.0	0.0	0.0	0.0	0.0	0.0	0.0	0.0	0.0	0.0	0.0	0.0	0.0	0.0
k__Bacteria;p__Bacteroidetes;c__Bacteroidia;o__Bacteroidales;f__[Paraprevotellaceae];g__Paraprevotella	0.000378875581469	0.0026399155227	0.0	0.000850420485685	0.0479739802141	0.0	0.00195259190829	0.0	0.0	0.0	0.0	0.00613031662769	0.00268271936138	0.0	0.00536800061058	0.0	0.0	0.0	0.00848188916718	0.0	0.0	0.0	0.000266463646745	0.0	0.00119293415921	0.0	0.0	0.0	0.0	0.0	0.0	0.0	0.0	0.0	0.0	0.0	0.0	0.0	0.0	0.0	0.0	0.0253342321088	0.0	0.0	0.00627966061071	0.0	0.0	0.0	0.0	0.00549677064724	0.00345337937839	0.0	0.0	0.0	0.0	0.000110533878634	0.0	0.0
k__Bacteria;p__Bacteroidetes;c__Bacteroidia;o__Bacteroidales;f__[Paraprevotellaceae];g__[Prevotella]	0.0	0.0	0.0	0.0191502094554	0.0	0.0	0.0	0.0	0.0	0.0	0.0	0.0	0.0	0.00961360695138	0.0	0.0	0.0	0.0	0.0	0.0	0.0	0.0	0.000647125999239	0.0	0.0072952512044	0.0	0.0	0.0	0.0	0.0	0.00109935412945	0.0	0.00555356879904	0.0	0.0	0.0	0.0	0.0	0.0	0.0	0.0	0.0	0.0	0.0	0.0	0.0	0.0	0.0	0.0	0.0	0.0	0.0	0.0	0.0	0.0	0.0	0.0	0.0
k__Bacteria;p__Cyanobacteria;c__4C0d-2;o__YS2;f__;g__	0.0	0.0	0.0	0.0129767866704	0.0	0.0	0.0	0.0	0.0	0.0	0.0	0.0	0.0	0.0	0.0	0.0	0.0	0.0	0.0	0.0	0.0	0.0	0.0	0.0	0.0	0.0	0.0	0.0	0.0	0.0	0.0	0.0	0.0	0.0	0.0	0.0	0.0	0.0	0.0	0.00495263870095	0.0	0.0	0.0	0.0	0.0	0.0	0.0	0.0	0.0	0.0	0.0	0.0	0.0	0.0	0.0	0.0	0.0	0.0
k__Bacteria;p__Cyanobacteria;c__Chloroplast;o__Streptophyta;f__;g__	0.0	0.0	0.0	0.0	0.000135519718119	0.0	0.0	0.0	0.0	0.0	0.0	0.0	0.0	0.0	0.0	0.0	0.0	0.0	0.0	0.0	0.0	0.0	0.0	0.0	0.0	0.000555106984255	0.0	0.0	0.0	0.0	0.0	0.00291223763859	0.0	0.0	0.0	0.0	0.0	0.0	0.0	0.000757780784844	0.0	0.0	0.0	0.0	0.0	0.0	0.0	0.0	0.0	0.0	0.0	0.0	0.0	0.0	0.0	0.0	0.0	0.0
k__Bacteria;p__Elusimicrobia;c__Elusimicrobia;o__Elusimicrobiales;f__Elusimicrobiaceae;g__	0.0	0.0	0.0	0.0117169044694	0.0	0.0	0.0	0.0	0.0	0.0	0.0	0.0	0.0	0.0168977629876	0.0	0.0	0.0	0.0	0.0	0.0	0.0	0.0	0.0	0.0	0.0	0.0	0.0	0.0	0.0	0.0	0.0	0.0	0.0	0.0	0.0	0.0	0.0	0.0	0.0	0.0	0.0	0.0	0.0	0.0	0.0	0.0	0.0	0.0	0.0	0.0	0.0	0.0	0.0	0.0	0.0	0.0	0.0	0.0
k__Bacteria;p__Firmicutes;c__Bacilli;o__Bacillales;f__Bacillaceae;g__Bacillus	0.0	0.0	0.0	0.0	0.0	0.0	0.0	0.0	0.0	0.0	0.0	0.0	0.0	0.0	0.0	0.0	0.0	0.0	0.0	0.000157544821502	0.0	0.0	0.0	0.0	0.0	0.0	0.0	0.0	0.000103799045049	0.0	0.0	0.0	0.0	0.0	0.0	0.0	0.0	0.000217135058006	0.0	0.0	0.0	0.0	0.0	0.0	0.0	0.0	0.0	0.0	0.0	0.0	0.0	0.0	0.0	0.0	0.0	0.0	0.0	0.0
k__Bacteria;p__Firmicutes;c__Bacilli;o__Bacillales;f__Listeriaceae;Other	0.0	0.00017599436818	0.0	0.0	0.0	0.0	0.0	0.0	0.0	0.0	0.0	0.0	0.0	0.0	0.0	0.0	0.0	0.0	0.0	0.000126035857201	0.0	0.0	0.0	0.0	0.0	0.0	0.0	0.0	0.0	0.0	0.0	0.0	0.0	0.0	0.0	0.0	0.0	0.000186115764005	0.0	0.0	0.0	0.000112346927312	0.0	0.0	0.0	0.0	0.0	0.0	0.0	0.0	0.0	0.0	0.0	0.0	0.0	0.0	0.0	0.0
k__Bacteria;p__Firmicutes;c__Bacilli;o__Bacillales;f__Staphylococcaceae;g__Staphylococcus	0.0	0.0	0.0	0.0	0.0	0.0	0.0	0.0	0.0	0.0	0.0	0.0	0.0	0.0	0.0	0.0	0.0	0.0	0.0	0.000157544821502	0.0	0.0	0.0	0.0	0.0	0.0	0.0	0.0	0.0	0.0	0.000183225688241	0.0	0.0	0.0	0.0	0.000156666144446	0.0	0.000279173646008	0.0	0.0	0.0	0.0	0.0	0.0	0.0	0.0	0.0	0.0	0.000146067650189	0.0	0.0	0.0	0.0	0.000159965873947	0.0	0.0	0.0	0.0
k__Bacteria;p__Firmicutes;c__Bacilli;o__Lactobacillales;Other;Other	0.0	0.00035198873636	0.0	0.0	0.0	0.000112028081706	0.0	0.0	0.0	0.0	0.000149372634933	0.0	0.0	0.0	0.000178085328313	0.0	0.0	0.0	0.0	0.0	0.0	0.0	0.0	0.0	0.0	0.000353249899071	0.0	0.0	0.0	0.0	0.0	0.0	0.0	0.000169399647649	0.000342876735813	0.0	0.0	0.000310192940009	0.0	0.0	0.0	0.0	0.000162453700695	0.0	0.0	0.0	0.0	0.0	0.0	0.000137419266181	0.000181756809389	0.0	0.0	0.0	0.000156121060731	0.0	0.0	0.0
k__Bacteria;p__Firmicutes;c__Bacilli;o__Lactobacillales;f__;g__	0.0	0.0	0.0	0.0	0.0	0.00018671346951	0.0	0.0	0.0	0.0	0.0	0.0	0.0	0.0	0.0	0.0	0.0	0.0	0.0	0.0	0.0	0.0	0.000190331176247	0.0	0.0	0.0	0.0	0.0	0.0	0.0	0.0	0.0	0.0	0.0	0.0	0.0	0.0	0.0	0.0	0.0	0.0	0.0	0.0	0.0	0.0	0.0	0.0	0.0	0.0	0.0	0.0	0.0	0.0	0.0	0.0	0.0	0.0	0.0
k__Bacteria;p__Firmicutes;c__Bacilli;o__Lactobacillales;f__Aerococcaceae;g__Aerococcus	0.0	0.0	0.0	0.0	0.0	0.0	0.000104978059586	0.0	0.0	0.0	0.0	0.0	0.0	0.0	0.0	0.0	0.0	0.0	0.0	0.0	0.0	0.0	0.0	0.0	0.0	0.0	0.0	0.0	0.0	0.0	0.0	0.0	0.0	0.0	0.0	0.0	0.0	0.0	0.0	0.0	0.0	0.0	0.0	0.0	0.0	0.0	0.0	0.0	0.0	0.0	0.0	0.0	0.0	0.0	0.0	0.0	0.0	0.0
k__Bacteria;p__Firmicutes;c__Bacilli;o__Lactobacillales;f__Carnobacteriaceae;g__Granulicatella	0.0	0.0	0.0	0.0	0.0	0.0	0.0	0.0	0.0	0.0	0.0	0.0	0.0	0.0	0.0	0.0	0.0	0.0	0.0	0.0	0.0	0.0	0.000114198705748	0.0	0.0	0.0	0.0	0.0	0.0	0.0	0.0	0.0	0.0	0.0	0.0	0.0	0.0	0.0	0.0	0.0	0.0	0.0	0.0	0.0	0.0	0.0	0.0	0.0	0.0	0.0	0.0	0.0	0.0	0.0	0.0	0.0	0.0	0.0
k__Bacteria;p__Firmicutes;c__Bacilli;o__Lactobacillales;f__Enterococcaceae;Other	0.0	0.000131995776135	0.0	0.0	0.0	0.0	0.0	0.0	0.0	0.0	0.0	0.0	0.0	0.0	0.0	0.0	0.0	0.0	0.0	0.000157544821502	0.0	0.0	0.0	0.0	0.0	0.0	0.0	0.0	0.0	0.0	0.0	0.000104008487093	0.0	0.0	0.0	0.0	0.0	0.00037223152801	0.000269287733944	0.0	0.0	0.0	0.0	0.0	0.0	0.0	0.0	0.0	0.000166934457359	0.0	0.0	0.0	0.0	0.00383918097473	0.0	0.0	0.0	0.0
k__Bacteria;p__Firmicutes;c__Bacilli;o__Lactobacillales;f__Enterococcaceae;g__Enterococcus	0.0	0.0	0.0	0.0	0.0	0.0	0.0	0.0	0.0	0.000363565853895	0.0	0.0	0.0	0.0	0.0	0.0	0.0	0.0	0.0	0.0	0.0	0.0	0.0	0.0	0.0	0.0	0.000181628297689	0.0	0.0	0.0	0.0	0.0	0.0	0.0	0.0	0.00250665831114	0.0	0.0	0.0	0.0	0.0	0.0	0.0	0.0	0.0	0.0	0.0	0.0	0.0	0.0	0.0	0.0	0.0	0.0	0.0	0.0	0.0	0.0
k__Bacteria;p__Firmicutes;c__Bacilli;o__Lactobacillales;f__Lactobacillaceae;g__Lactobacillus	0.000442021511714	0.0	0.0	0.0	0.0	0.0	0.0	0.0	0.0	0.000412041301081	0.0	0.00142198066106	0.0	0.0	0.0	0.0	0.0070022325959	0.0	0.0	0.00236317232253	0.0	0.0	0.0	0.00697891397649	0.0179857765543	0.0	0.0	0.0	0.0	0.000707369910252	0.000137419266181	0.0	0.00220880577235	0.0	0.0	0.0	0.0	0.00034121223401	0.0	0.0	0.0	0.0	0.000942231464033	0.0	0.000311586213508	0.0	0.0	0.000255255952105	0.0	0.0	0.000467374652715	0.00370272414705	0.0054981418317	0.000586541537805	0.0	0.0	0.0	0.0
k__Bacteria;p__Firmicutes;c__Bacilli;o__Lactobacillales;f__Lactobacillaceae;g__Pediococcus	0.0	0.0	0.0	0.0	0.0	0.0	0.0	0.0	0.0	0.0	0.0	0.0	0.0	0.0	0.0	0.0	0.0	0.0	0.0	0.0	0.0	0.0	0.0	0.0	0.0	0.0	0.0	0.0	0.0	0.0	0.0	0.0	0.0	0.0	0.0	0.0	0.0	0.0	0.0	0.0	0.0	0.0	0.0	0.0	0.0	0.0	0.0	0.0	0.00755378419548	0.0	0.0	0.0	0.0	0.0	0.0	0.0	0.0	0.0
k__Bacteria;p__Firmicutes;c__Bacilli;o__Lactobacillales;f__Leuconostocaceae;g__	0.0	0.0	0.0	0.0	0.0	0.0	0.0	0.0	0.0	0.0	0.000248954391555	0.00107438538836	0.0	0.0	0.0	0.0	0.0	0.0	0.000799781112538	0.0	0.0	0.0	0.0	0.0	0.0	0.0	0.0	0.0	0.0	0.0	0.0	0.0	0.0	0.0	0.0	0.0	0.0	0.0	0.0	0.0	0.0	0.0	0.0	0.000224820143885	0.0	0.0	0.0	0.0	0.0	0.0	0.0	0.0	0.0	0.0	0.0	0.0	0.0	0.0
k__Bacteria;p__Firmicutes;c__Bacilli;o__Lactobacillales;f__Leuconostocaceae;g__Leuconostoc	0.0	0.0	0.0	0.0	0.0	0.000149370775608	0.0	0.0	0.0	0.0	0.0	0.0	0.0	0.0	0.0	0.0	0.0	0.0	0.0	0.0	0.0	0.0	0.0	0.0	0.0	0.0	0.0	0.0	0.0	0.0	0.0	0.0	0.0	0.0	0.0	0.0	0.0	0.0	0.0	0.0	0.0	0.0	0.0	0.0	0.0	0.0	0.0	0.0	0.0	0.0	0.0	0.0	0.0	0.0	0.0	0.0	0.0	0.0
k__Bacteria;p__Firmicutes;c__Bacilli;o__Lactobacillales;f__Streptococcaceae;g__Lactococcus	0.0	0.0	0.0	0.0	0.000406559154357	0.000224056163412	0.0	0.0	0.000418033986163	0.000169664065151	0.0	0.000221196991721	0.0	0.0	0.0	0.0	0.0	0.0	0.000168374971061	0.0	0.0	0.000207047910887	0.0	0.0	0.0	0.0	0.0	0.0	0.0	0.0	0.00114516055151	0.0	0.0	0.000203279577178	0.000878621635522	0.0	0.000190294957184	0.00186115764005	0.0	0.0	0.0	0.0	0.0	0.000224820143885	0.0	0.0	0.0	0.0	0.0	0.0	0.0	0.000132240148109	0.0	0.00807827663432	0.0	0.0	0.0	0.0
k__Bacteria;p__Firmicutes;c__Bacilli;o__Lactobacillales;f__Streptococcaceae;g__Streptococcus	0.00389399903176	0.00118796198522	0.0	0.000377964660304	0.000271039436238	0.010269240823	0.00522790736736	0.0	0.00129590535711	0.00232682146493	0.00216590320653	0.000821588826392	0.000163580448865	0.000332778702163	0.000305289134251	0.00846604056077	0.0	0.00025139840362	0.0082082798392	0.00831836657529	0.000568464435444	0.00625284690877	0.000190331176247	0.00742675872364	0.001972929571	0.00312878482035	0.000227035372111	0.00188175078093	0.0	0.00360316548035	0.000870322019147	0.000187215276767	0.000589014872626	0.00111803767448	0.00302160123436	0.00697164342786	0.0069774817634	0.0110428686643	0.0	0.000297699594046	0.000722724987431	0.000449387709246	0.00243680551043	0.00275404676259	0.0	0.00243283266342	0.00393066967739	0.00401447997401	0.0498090687144	0.00371032018689	0.0073741334095	0.00299744335714	0.00318179504149	0.00575877146209	0.00664629658541	0.000921115655282	0.000187593796898	0.0
k__Bacteria;p__Firmicutes;c__Bacilli;o__Turicibacterales;f__Turicibacteraceae;g__Turicibacter	0.00204171841125	0.00026399155227	0.000999061487693	0.000314970550254	0.0	0.0	0.0	0.0	0.000961478168175	0.00155121430995	0.000199163513244	0.0	0.0	0.0	0.000992189686315	0.000136109976861	0.0	0.0	0.00073664049839	0.0	0.0	0.0	0.000304529881995	0.000111961186789	0.000596467079605	0.0	0.000136221223267	0.000790335327989	0.00290637326137	0.0	0.000458064220604	0.0	0.00504869890822	0.000237159506708	0.00381450368592	0.000287221264818	0.000222010783381	0.000682424468019	0.000269287733944	0.0	0.0	0.00252780586451	0.0026642406914	0.00188286870504	0.0	0.00194626613074	0.000815404879885	0.00833062607324	0.00108507397283	0.0	0.000363513618778	0.0	0.00341088428448	0.00127972699158	0.00196266476348	0.0	0.000312656328164	0.0
k__Bacteria;p__Firmicutes;c__Clostridia;o__Clostridiales;Other;Other	0.000315729651224	0.000615980288631	3.02745905362e-05	0.0	0.0	0.00018671346951	0.000755842029016	0.0	0.000167213594465	0.0	2.48954391555e-05	6.31991404917e-05	0.000588889615913	0.000147901645406	2.54407611876e-05	0.000408329930584	0.0	0.0	0.000589312398712	0.0	0.0	0.0	0.00102778835173	3.73203955962e-05	0.0	0.0	4.54070744222e-05	0.000225810093711	0.0	8.84212387816e-05	0.000732902752966	0.0	0.000357616172666	0.0	0.000192868163895	2.61110240744e-05	6.34316523945e-05	0.0	0.0	2.70635994587e-05	0.0	0.0	0.000389888881669	2.81025179856e-05	0.0	0.000211550666385	2.09078174329e-05	0.000487306817654	0.0	4.58064220604e-05	5.19305169683e-05	0.000132240148109	0.0	0.000533219579823	0.000178424069407	3.68446262113e-05	0.0	0.0
k__Bacteria;p__Firmicutes;c__Clostridia;o__Clostridiales;f__;g__	0.0623039845082	0.0606740584301	0.0844963821864	0.0162209833381	0.00779238379184	0.000224056163412	0.0142140292679	0.0140052519695	0.0137115147461	0.000557467642639	0.00980880302729	0.0177905580484	0.0210037296342	0.047661305232	0.0105579158928	0.0300258608956	0.0012177795819	0.034441581296	0.0899964220319	0.0	0.0129088798882	0.0122572363245	0.0307194518462	0.0366486284755	0.0276668960771	0.0192268873637	0.145847523044	0.00278499115577	0.00598574493115	0.011317918564	0.0409051348999	0.000644852619974	0.0381807854934	0.0534625287979	0.00930053145894	0.037573763643	0.0294957183635	0.000992617408028	0.000538575467887	0.0354803788904	0.0039592760181	0.00134816312774	0.030151406849	0.0599145683453	0.0480082450506	0.0616035540512	0.000334525078927	0.0290527683668	0.00724078208793	0.0110851541386	0.0502427751668	0.0154280172794	0.0357633762664	0.00194625146635	0.0215001003635	0.00799528388784	0.0148615974654	0.012426058994
k__Bacteria;p__Firmicutes;c__Clostridia;o__Clostridiales;f__Christensenellaceae;g__	0.00926140310257	0.0035198873636	0.00257334019557	0.00113389398091	0.0	0.000149370775608	0.000881815700519	0.000500187570339	0.000271722091006	0.0	0.00107050388369	0.000284396132213	0.0	0.00329081161028	0.00200982013382	0.0	0.0	0.0	0.0250668238166	0.0	0.0098060115114	0.0	0.0186524552722	0.000634446725135	0.000871759577885	0.00025232135648	0.00608454797257	0.0	0.0	0.0	0.0262470798406	0.0	0.0185750047332	0.0356078059358	0.0	0.000208888192595	0.0	0.000186115764005	0.0	0.0	0.0	0.0	0.000324907401391	0.00463691546763	0.00565648818369	0.0342500528877	0.0	0.000208845778995	0.0	0.000274838532362	0.00173967231844	0.000220400246848	0.0018327139439	0.000213287831929	0.0	0.0	0.000604468901117	0.000476398427885
k__Bacteria;p__Firmicutes;c__Clostridia;o__Clostridiales;f__Christensenellaceae;g__Christensenella	0.0	0.000131995776135	0.0	0.0	0.0	0.0	0.000104978059586	0.0	0.0	0.0	0.0002240589524	0.000157997851229	0.0	0.0	0.0	0.0	0.0	0.0	0.000420937427651	0.0	0.0	0.0	0.0	0.0	0.0	0.000353249899071	0.0	0.0	0.0	0.0	0.000229032110302	0.0	0.0	0.000135519718119	0.0	0.0	0.0	0.0	0.0	0.0	0.0	0.0	0.0	0.000196717625899	0.0	0.0	0.0	0.0	0.0	0.0	0.0	0.0	0.0	0.0	0.0	0.0	0.0	0.0
k__Bacteria;p__Firmicutes;c__Clostridia;o__Clostridiales;f__Clostridiaceae;Other	0.007051295544	0.0161474832805	0.000211922133753	0.000818923430659	0.000677598590595	0.00097091004145	0.0214995066031	0.0	0.000836067972326	0.00353870764458	0.0178500298745	0.000252796561967	0.0	0.0051026067665	0.00557152670008	0.0	0.000152222447737	0.00062849600905	0.0163113253215	0.0	0.00139747507047	0.0	0.0143890369242	0.000261242769173	0.026611608167	0.0	0.00222494664669	0.00538180723345	0.0112794962286	0.0019231619435	0.0314690119555	0.0	0.0453120727013	0.00128743732213	0.00064289387965	0.0114627395686	0.000792895654932	0.00759972703021	0.00410663794264	0.000243572395129	0.0	0.00106729580946	0.00428877769836	0.00309127697842	0.000119840851349	0.0113179606516	0.00689957975287	0.0163595860213	0.00665651148718	0.00105354770739	0.000285617843326	0.00498104557877	0.00285088835718	0.00911805481497	0.00981332381738	0.000331601635901	0.000833750208438	0.0
k__Bacteria;p__Firmicutes;c__Clostridia;o__Clostridiales;f__Clostridiaceae;g__	0.00136816182197	0.00497184090109	0.00566134843026	0.00529150524426	0.00623390703347	0.000149370775608	0.0119674987928	0.000791963653037	0.00158852914742	0.00753793203742	0.00587532364071	0.000157997851229	0.000490741346594	0.0105010168238	0.0127712621162	0.0	0.0012177795819	0.00257683363711	0.0032622650643	0.00122884960771	0.00168170728819	0.0	0.00559573658165	0.00220190334018	0.0213351686167	0.0	0.00363256595378	0.000526890218659	0.00484395543561	0.000729475219948	0.0144748293711	0.00671894826618	0.0554305067632	0.00260875457379	0.00525030001714	0.00890385920936	0.00149064383127	0.0210310813326	0.00262555540595	0.000270635994587	0.00358220211161	0.0029210201101	0.012378971993	0.00306317446043	0.00146205838646	0.0105140681193	0.00669050157854	0.0226249593911	0.0107046720781	0.00187806330448	0.00366110144626	0.00268888301155	0.000967265692613	0.0125039991468	0.0205187679818	0.000147378504845	0.0117975654494	0.000555798165866
k__Bacteria;p__Firmicutes;c__Clostridia;o__Clostridiales;f__Clostridiaceae;g__Clostridium	0.000105243217075	0.00206793382612	0.00663013532742	0.0	0.00101639788589	0.00097091004145	0.0015956665057	0.000416822975282	0.000710657776477	0.00443550341752	0.00393347938658	0.00404474499147	0.000523457436367	0.00025882787946	0.00124659729819	0.00590717299578	0.0	0.0104330337502	0.000484078041799	0.0	0.000852696653166	0.0	0.000190331176247	0.0117559246128	0.00357880247763	0.000454178441663	0.000363256595378	0.0	0.000380596498512	0.000773685839339	0.0	0.0	0.00046279739992	0.0	0.00038573632779	0.00355109927411	0.0	0.0	0.0	0.00156968876861	0.0	0.00140433659139	0.0	0.0042996852518	0.00297205311347	0.000803892532261	0.00248803027452	0.000580127163874	0.00231621559585	0.00109935412945	0.0	0.0049369655294	0.00188362266456	0.00023994881092	0.00245333095435	0.000921115655282	0.00106303151576	0.0
k__Bacteria;p__Firmicutes;c__Clostridia;o__Clostridiales;f__Clostridiaceae;g__SMB53	0.0	0.000219992960225	0.0	0.0	0.0	0.0	0.000167964895337	0.0	0.0	0.0	0.000248954391555	0.0	0.0	0.0	0.000178085328313	0.0	0.0	0.0	0.0	0.0	0.0	0.0	0.0	0.0	0.000321174581326	0.0	0.0	0.0	0.000622794270293	0.0	0.000137419266181	0.0	0.00109388476345	0.0	0.0	0.000182777168521	0.0	0.000155096470004	0.0	0.0	0.0	0.0	0.0	0.0	0.0	0.0	0.0	0.000116025432775	0.0	0.0	0.0	0.0	0.0	0.000133304894956	0.0	0.0	0.0	0.0
k__Bacteria;p__Firmicutes;c__Clostridia;o__Clostridiales;f__Dehalobacteriaceae;g__Dehalobacterium	0.0	0.0	0.0	0.0	0.0	0.0	0.0	0.0	0.0	0.0	0.0	0.0	0.0	0.0	0.0	0.0	0.0	0.0	0.0	0.0	0.0	0.0	0.0	0.0	0.0	0.0	0.00127139808382	0.0	0.0	0.0	0.0	0.0	0.0	0.000271039436238	0.0	0.0	0.0	0.0	0.0	0.0	0.0	0.0	0.0	0.000309127697842	0.000239681702699	0.000148085466469	0.0	0.0	0.0	0.0	0.000181756809389	0.0	0.0	0.0	0.0	0.0	0.0	0.0
k__Bacteria;p__Firmicutes;c__Clostridia;o__Clostridiales;f__EtOH8;g__	0.0	0.0	0.0	0.0	0.0	0.0	0.0	0.0	0.0	0.0	0.0	0.0	0.0	0.0	0.0	0.0	0.0	0.0	0.0	0.0	0.000402662308439	0.0	0.0	0.0	0.0	0.0	0.0	0.0	0.0	0.0	0.0	0.0	0.0	0.0	0.0	0.0	0.0	0.0	0.0	0.0	0.0	0.0	0.0	0.000337230215827	0.000143809021619	0.0	0.0	0.0	0.0	0.0	0.000467374652715	0.0	0.0	0.0	0.0	0.0	0.0	0.0
k__Bacteria;p__Firmicutes;c__Clostridia;o__Clostridiales;f__Eubacteriaceae;g__Anaerofustis	0.0	0.0	0.0	0.0	0.0	0.000112028081706	0.0	0.00112542203326	0.0	0.0	0.0	0.0	0.0	0.0	0.0	0.0	0.0	0.0	0.0	0.0	0.0	0.0	0.0	0.0	0.0	0.0	0.0	0.0	0.0	0.0	0.0	0.0	0.0	0.0	0.0	0.0	0.0	0.000806501644023	0.0	0.0	0.000219959778783	0.0	0.0	0.0	0.0	0.0	0.0	0.0	0.0	0.0	0.0	0.0	0.0	0.0	0.0	0.0	0.0	0.0
k__Bacteria;p__Firmicutes;c__Clostridia;o__Clostridiales;f__Eubacteriaceae;g__Pseudoramibacter_Eubacterium	0.0	0.0	0.0	0.0	0.0	0.0	0.0	0.0	0.0	0.0	0.000149372634933	0.0	0.0	0.0	0.0	0.000408329930584	0.0	0.0	0.000505124913182	0.0	0.0	0.0	0.0	0.0	0.0	0.0	0.000136221223267	0.0	0.0	0.0	0.0	0.0	0.0	0.0	0.0	0.0	0.0	0.00037223152801	0.0	0.0	0.000188536953243	0.0	0.0	0.0	0.0	0.0	0.0	0.0	0.0	0.0	0.0	0.0	0.0	0.0	0.0	0.0	0.0	0.0
k__Bacteria;p__Firmicutes;c__Clostridia;o__Clostridiales;f__Lachnospiraceae;Other	0.0117240943821	0.0305350228793	0.00802276649208	0.0121263661848	0.0111126168858	0.0678516748198	0.0436918683995	0.00433495894294	0.0284681144577	0.0407436133598	0.00144393547102	0.0130822220818	0.00369691814434	0.0240709927898	0.014246826265	0.0226759221451	0.0143089100873	0.0123185217774	0.00315703070739	0.00781422314649	0.0108718823279	0.0161497370492	0.0311762466692	0.0189214405673	0.0508373480156	0.00267460637868	0.00703809653544	0.0330435437131	0.00612414365788	0.00890843980724	0.0515322248179	0.0249828385996	0.0267581042136	0.0118240954059	0.0807046116921	0.0169460546243	0.0134475103076	0.00248154352007	0.0134643866972	0.00506089309878	0.00065987933635	0.0019098977643	0.0309961660927	0.0115782374101	0.00831695508365	0.0238206050349	0.038344937172	0.050633498863	0.00421509504831	0.00760386606202	0.0175525147353	0.00335008375209	0.0559995927302	0.0310333795457	0.0445837143431	0.00537931542684	0.020656161414	0.00726507602525
k__Bacteria;p__Firmicutes;c__Clostridia;o__Clostridiales;f__Lachnospiraceae;g__	0.0837736007914	0.160198873636	0.0808937059126	0.0354341869035	0.124000542079	0.294447141417	0.206029939743	0.0463090325539	0.195451790231	0.169736778322	0.105730930094	0.110377298869	0.0587580972322	0.113144758735	0.102322741496	0.171580236831	0.0951390298356	0.118408648105	0.0713068002441	0.0394807322683	0.0955020251546	0.201995941861	0.0691282832128	0.1533868259	0.0999311768754	0.0702462656439	0.0316487308723	0.221331526853	0.0258805618988	0.156925593528	0.0491044844487	0.114450939197	0.0313860782128	0.0584767583683	0.373628493057	0.153219489268	0.0446241674596	0.0257149947267	0.0927023024101	0.0660893098782	0.0573152337858	0.0646556566678	0.0997790629671	0.0550528327338	0.0932361823498	0.110916014385	0.24539505321	0.237596881236	0.0957995117167	0.0596399615226	0.11081972321	0.145023362426	0.192333146668	0.106803881839	0.163748689698	0.0726207582624	0.101404869101	0.0598674024376
k__Bacteria;p__Firmicutes;c__Clostridia;o__Clostridiales;f__Lachnospiraceae;g__Anaerostipes	0.000862994380012	0.00466385075678	0.0119887378523	0.0	0.000542078872476	0.0	0.000629868357513	0.00187570338877	0.00300984470037	0.0	0.0	0.00230676862795	0.0	0.0	0.0028748060142	0.0	0.0	0.00025139840362	0.0037463431061	0.0	0.00315024041308	0.00488633069692	0.00319756376094	0.00768800149282	0.0	0.0	0.000136221223267	0.0132475254977	0.0	0.00417790353243	0.000183225688241	0.0	0.000189326209058	0.00294755386909	0.0	0.00279387957596	0.0	0.000217135058006	0.0	0.000297699594046	0.0	0.0	0.00168951848723	0.00193907374101	0.000766981448636	0.000232705733023	0.0	0.00408409523368	0.00926486238341	0.000549677064724	0.00173967231844	0.0	0.0	0.0	0.00738229587171	0.00191592056299	0.0034392196098	0.00127039580769
k__Bacteria;p__Firmicutes;c__Clostridia;o__Clostridiales;f__Lachnospiraceae;g__Blautia	0.0667452482687	0.130235832453	0.0579152916957	0.0135752307159	0.0606450738582	0.209791254341	0.0774108211384	0.0842399233046	0.120122065924	0.181976828736	0.199063931488	0.0707830373507	0.00942223385461	0.114660750601	0.0493296359427	0.163576970192	0.0392733915161	0.0524165671548	0.0594574116558	0.0339036455872	0.0492432317203	0.419893163278	0.0748001522649	0.175443179698	0.0881853636155	0.018924101736	0.0129864232847	0.214632494072	0.02487717113	0.206728856271	0.173056662544	0.26091569072	0.0685150514336	0.0546483263315	0.152558717641	0.078985847825	0.247002854424	0.265928407469	0.0578295408644	0.0566441136671	0.334495977878	0.0358386698124	0.0977971278186	0.0375730665468	0.0454915871722	0.0671250264438	0.121725313095	0.155961386736	0.135947248711	0.0107645091842	0.0371822501493	0.215110640924	0.0999338186631	0.0758771462088	0.126212726097	0.0595040713312	0.0566950141738	0.0278296081623
k__Bacteria;p__Firmicutes;c__Clostridia;o__Clostridiales;f__Lachnospiraceae;g__Butyrivibrio	0.0	0.0	0.0	0.0	0.0	0.0	0.0	0.0	0.0	0.0	0.0	0.0	0.0	0.000813459049732	0.0	0.0	0.0	0.0	0.0	0.0	0.0	0.0	0.0	0.0	0.0	0.0	0.0	0.0	0.0	0.0	0.0	0.0	0.0	0.0	0.0	0.0	0.0	0.0	0.0	0.0	0.0	0.0	0.0	0.0	0.0	0.0	0.0	0.0	0.0	0.0	0.0	0.0	0.0	0.0	0.0	0.0	0.0	0.0
k__Bacteria;p__Firmicutes;c__Clostridia;o__Clostridiales;f__Lachnospiraceae;g__Coprococcus	0.0882990591256	0.038058782119	0.0158336108504	0.0276544143123	0.0266973844694	0.0256544307106	0.0216674714985	0.00175065649619	0.0147984031102	0.014591109603	0.0246215893248	0.0202237249573	0.00412222731139	0.0479201331115	0.0114483425344	0.0173404110521	0.0154252080373	0.0213060147068	0.0746322059226	0.00280429782273	0.0126009616523	0.0381382251853	0.0230300723258	0.037432356783	0.0244092681808	0.0138776746064	0.0115788039777	0.0232584396523	0.00775032869698	0.0246253150007	0.0248728871788	0.00597008715911	0.0566085365084	0.0240547499661	0.0177438710783	0.0306543422633	0.025721535046	0.0124387368943	0.0256496566581	0.0161028416779	0.00553041729512	0.011908774295	0.0251478328676	0.0347628147482	0.0311825895211	0.0137296382484	0.027911936273	0.0165452267137	0.00742858335246	0.0342632037012	0.0165918001714	0.0414352464075	0.0374433640483	0.0163431801216	0.0203403439124	0.00899008879555	0.0367475404369	0.0132597562428
k__Bacteria;p__Firmicutes;c__Clostridia;o__Clostridiales;f__Lachnospiraceae;g__Dorea	0.00772485213328	0.0144315381908	0.00811359026369	0.00488204352893	0.00155847675837	0.00713245453527	0.00550085032228	0.0129215122338	0.00932215789144	0.0107857869989	0.0269119697271	0.0123870315364	0.00281358372047	0.01641708264	0.00844633271427	0.021205934395	0.00649482443678	0.0189805794733	0.00540904594532	0.00649084664587	0.00426348326583	0.0337488094745	0.0344880091359	0.0129874976675	0.0229410415233	0.0151392813888	0.00690187531217	0.0156938015129	0.00685073697322	0.0481895751359	0.00742064037378	0.0158092900381	0.00620569240802	0.00962189998645	0.0150865763758	0.0109144080631	0.0167459562322	0.0112910230163	0.00619361788071	0.00113667117727	0.0166540975365	0.0137624985957	0.0164403145104	0.00876798561151	0.0072383874215	0.0111910302517	0.0196115327521	0.0200027846104	6.26004215095e-05	0.000916128441207	0.00454392023473	0.00273296306092	0.0170035127017	0.0214354271089	0.0146530767	0.00571091706275	0.00935884608971	0.00285839056731
k__Bacteria;p__Firmicutes;c__Clostridia;o__Clostridiales;f__Lachnospiraceae;g__Lachnobacterium	0.0	0.0189633931714	0.0	0.000283473495228	0.0	0.0	0.0	0.0	0.00357419058169	0.0	0.0	0.0	0.000229012628411	0.0	0.0	0.0	0.0	0.00012569920181	0.0	0.0	0.000378976290296	0.0	0.000304529881995	0.0	0.00013764624914	0.0	0.000136221223267	0.000978510406082	0.0	0.0	0.0	0.0130426642814	0.000483833645371	0.000372679224827	0.0	0.0	0.0	0.0	0.0	0.0	0.0	0.0	0.000487361102086	0.00969536870504	0.000838885959446	0.000486566532685	0.0	0.0	0.0	0.0	0.0	0.000132240148109	0.0	0.000133304894956	0.000111515043379	0.0	0.00223028180757	0.000476398427885
k__Bacteria;p__Firmicutes;c__Clostridia;o__Clostridiales;f__Lachnospiraceae;g__Lachnospira	0.0214696162832	0.00554382259768	0.00862825830281	0.00330719077766	0.0325924922076	0.0	0.0134371916269	0.00650243841441	0.0291787722342	0.00719860390712	0.00475502887871	0.00887947923908	0.000490741346594	0.0025882787946	0.0124659729819	0.00378385735674	0.00461741424802	0.0252026899629	0.00938690463663	0.0	0.01518273763	0.0	0.0057860677579	0.00537413696585	0.0020646937371	0.0179148163101	0.00753757435408	0.0585224492868	0.00885751851083	0.00486316813299	0.00141999908387	0.0427890915899	0.00544838757179	0.00799566336902	0.0172938453626	0.0134210663742	0.0366317792578	0.000186115764005	0.00451056954356	0.0144248985115	0.0	0.0151106617234	0.0272597309767	0.0368986061151	0.0149321700781	0.00949862492067	0.0550711911184	0.0032487121177	0.00699038040189	0.0232696624067	0.0882559135876	0.0172352993035	0.00679631420862	0.00989122320572	0.00735999286304	0.0180538668435	0.0045647823912	0.000119099606971
k__Bacteria;p__Firmicutes;c__Clostridia;o__Clostridiales;f__Lachnospiraceae;g__Roseburia	0.011513607948	0.0168954593453	0.0118373648996	0.00570096695959	0.000677598590595	0.00463049404384	0.0209326250814	0.00454337043058	0.00721108626131	0.0534441805226	0.0113772156941	0.00161157808254	0.00323889288752	0.00399334442596	0.0193095377414	0.0206070504968	0.00177592855693	0.00100559361448	0.00448298360449	3.15089643003e-05	0.00120798692532	0.000331276657419	0.00190331176247	0.000410524351558	0.00954347327369	0.00186717803795	0.00472233573991	0.027925181589	0.00176458376583	0.0014368451302	0.0043974165178	0.0430387119589	0.01562993037	0.000677598590595	0.00600034287674	0.0267115776281	0.0417063114494	0.0	0.0177056685068	0.00974289580514	0.0	0.0329176497023	0.0047436480603	0.033189073741	0.0118642442836	0.0131796065158	0.0259256936168	0.00392165962779	0.00603050727208	0.0413173926985	0.00701061979072	0.0043639248876	0.00666904240696	0.00290604671004	0.0113076253987	0.0149220736156	0.000187593796898	0.0
k__Bacteria;p__Firmicutes;c__Clostridia;o__Clostridiales;f__Lachnospiraceae;g__[Ruminococcus]	0.00985076511819	0.0326909538895	0.00490448366686	0.00352767016284	0.0283913809459	0.0634452369394	0.015452770371	0.0100454337043	0.014652091215	0.0254980852198	0.0948267277435	0.0376982873033	0.000752470064778	0.0201885745979	0.0049100669092	0.0203348305431	0.0195859549422	0.019860473886	0.0284764169806	0.0206068626524	0.0241123664701	0.0521760735434	0.0290826037305	0.0130994588543	0.0178481303051	0.031893419459	0.00594832674931	0.027624101464	0.00415196180195	0.0486316813299	0.00600064128991	0.0287479458324	0.0139680669794	0.0078601436509	0.0106720384022	0.0197660452243	0.00282270853156	0.0415038153732	0.03090076747	0.00300405953992	0.0511877828054	0.0265700483092	0.0391513418676	0.00792491007194	0.0169694645511	0.0123757139835	0.0597545422233	0.0191674014944	0.11929553659	0.000916128441207	0.000467374652715	0.0224367451292	0.0350761085374	0.106617254986	0.0221022815978	0.00910062267418	0.0176963481741	0.00726507602525
k__Bacteria;p__Firmicutes;c__Clostridia;o__Clostridiales;f__Peptococcaceae;g__	0.0	0.0	0.000242196724289	0.000220479385177	0.0	0.0	0.0	0.000416822975282	0.0	0.0	0.0	0.0	0.0	0.0	0.0	0.0	0.0	0.0	0.0	0.0	0.000213174163291	0.0	0.0	0.0	0.0	0.0	0.000181628297689	0.0	0.0	0.0	0.0	0.0	0.0	0.0	0.0	0.0	0.0	0.000465289410013	0.0	0.0	0.0	0.0	0.000129962960556	0.000140512589928	0.000119840851349	0.0	0.0	0.0	0.0	0.000183225688241	0.0	0.0	0.0	0.0	0.0	0.0	0.0	0.0
k__Bacteria;p__Firmicutes;c__Clostridia;o__Clostridiales;f__Peptococcaceae;g__Peptococcus	0.0	0.0	0.0	0.0	0.0	0.0	0.0	0.0	0.0	0.0	0.0	0.0	0.0	0.000443704936217	0.0	0.0	0.0	0.0	0.0	0.0	0.0	0.0	0.0	0.0	0.0	0.0	0.0	0.0	0.0	0.0	0.0	0.0	0.0	0.0	0.0	0.0	0.0	0.0	0.0	0.0	0.0	0.0	0.0	0.0	0.000671108767557	0.0	0.0	0.0	0.0	0.0	0.0	0.0	0.00053454156697	0.0	0.0	0.0	0.0	0.0
k__Bacteria;p__Firmicutes;c__Clostridia;o__Clostridiales;f__Peptococcaceae;g__rc4-4	0.0	0.000395987328405	0.0	0.0	0.0	0.0	0.0	0.0	0.0	0.0	0.0	0.0	0.0	0.0	0.0	0.0	0.0	0.0	0.0	0.0	0.0	0.0	0.0	0.0	0.0	0.0	0.0	0.0	0.0	0.0	0.0	0.0	0.000420724909018	0.0	0.0	0.0	0.0	0.0	0.0	0.0	0.0	0.0	0.0	0.0	0.0	0.0	0.0	0.0	0.0	0.0	0.0	0.0	0.0	0.0	0.000111515043379	0.0	0.0	0.0
k__Bacteria;p__Firmicutes;c__Clostridia;o__Clostridiales;f__Peptostreptococcaceae;g__	0.000673556589278	0.00167194649771	0.0	0.0	0.0	0.000149370775608	0.00188960507254	0.0	0.0	0.0	0.00131945827524	0.0	0.0	0.000665557404326	0.000686900552065	0.0	0.0	0.00012569920181	0.000989202954981	0.0	0.000165802127004	0.0	0.000989722116483	0.0	0.00229410415233	0.0	0.000227035372111	0.000338715140567	0.00128018822227	0.000110526548477	0.00261096605744	0.0	0.00180911710878	0.000135519718119	0.0	0.00125332915557	0.0	0.00071344376202	0.00033660966743	0.0	0.0	0.00039321424559	0.000324907401391	0.000196717625899	0.0	0.000888512798815	0.000564511070689	0.00127627976052	0.000271268493208	0.0	0.0	0.000484880543066	0.000305452323983	0.000613202516796	0.000490666190869	0.0	0.0	0.0
k__Bacteria;p__Firmicutes;c__Clostridia;o__Clostridiales;f__Peptostreptococcaceae;g__Peptostreptococcus	0.0	0.0	0.0	0.0	0.0	0.0	0.0	0.0	0.0	0.0	0.0	0.000126398280983	0.0	0.0	0.0	0.0	0.0	0.0	0.0	0.000126035857201	0.0	0.0	0.0	0.0	0.0	0.0	0.0	0.0	0.0	0.0	0.0	0.0	0.0	0.0	0.0	0.0	0.0	0.0	0.0	0.0	0.0	0.0	0.0	0.0	0.0	0.0	0.0	0.0	0.0	0.0	0.0	0.0	0.0	0.0	0.0	0.0	0.0	0.0
k__Bacteria;p__Firmicutes;c__Clostridia;o__Clostridiales;f__Ruminococcaceae;Other	0.000210486434149	0.000307990144315	0.000484393448579	0.0	0.0	0.0	0.0	0.0	4.18033986163e-05	0.0	0.0	0.0	0.0	0.000221852468109	0.000178085328313	0.0	0.0	0.0	0.000631406141477	0.0	7.10580544305e-05	0.0	0.000304529881995	0.0	0.000183528332186	0.0	0.0	0.0	0.0	0.0	0.0	0.0	0.000673159854429	0.0	0.0	0.0	0.0	0.000124077176003	0.0	0.0	0.0	0.0	0.000162453700695	0.0	0.000479363405398	0.000148085466469	0.0	0.0	0.0	0.0	0.000934749305429	0.0	0.00012727180166	0.0	0.000111515043379	0.0	0.000125062531266	0.0
k__Bacteria;p__Firmicutes;c__Clostridia;o__Clostridiales;f__Ruminococcaceae;g__	0.207750110505	0.186510031679	0.237837183252	0.163595703802	0.0782626372137	0.0275589080996	0.161456255643	0.175274061106	0.205944443283	0.0201657860294	0.0534256124278	0.0863300259116	0.110776679971	0.168755777408	0.424657185743	0.211378794066	0.00685001014816	0.243416504305	0.136615242144	0.00107130478621	0.15947796016	0.0385937305893	0.248724781119	0.0767307333458	0.203303509979	0.126917642309	0.377151160151	0.0996951563735	0.117431319632	0.118241301561	0.18986761944	0.246063278764	0.270210572817	0.459242444776	0.071746956969	0.17687607708	0.16663495084	0.00635895527018	0.0304295139356	0.0941813261164	0.15670563097	0.0899337153129	0.202027422185	0.406699640288	0.24778294425	0.275565898033	0.132681009429	0.115955817515	0.00342215637585	0.195593422198	0.169553137901	0.178744600194	0.176958713028	0.0605204223099	0.191605147534	0.182159831989	0.133108220777	0.133867958236
k__Bacteria;p__Firmicutes;c__Clostridia;o__Clostridiales;f__Ruminococcaceae;g__Anaerotruncus	0.0	0.0	0.0	0.0	0.00176175633555	0.0	0.0	0.00158392730607	0.0	0.0	0.0	0.000821588826392	0.0	0.0	0.000457933701376	0.0	0.0	0.000439947206335	0.000420937427651	0.0	0.00198962552405	0.000372686239596	0.0	0.000186601977981	0.0	0.00141299959629	0.0	0.0	0.0	0.0	0.0	0.0	0.0	0.000779238379184	0.0	0.0	0.0	0.0	0.0	0.000189445196211	0.0	0.0	0.0	0.0	0.000455395235128	0.0	0.0	0.0	0.0	0.000274838532362	0.000233687326357	0.000396720444327	0.0	0.000106643915965	0.0	0.000147378504845	0.0	0.000119099606971
k__Bacteria;p__Firmicutes;c__Clostridia;o__Clostridiales;f__Ruminococcaceae;g__Faecalibacterium	0.0189016817866	0.0712337205209	0.0750809845297	0.0304261551545	0.00494646971134	0.0589641136712	0.117449453064	0.0541869867867	0.0834813870368	0.163556158806	0.00146883091018	0.0488213360298	0.109827913368	0.0403401737844	0.0535273615387	0.0276575472982	0.00771260401867	0.0508453271322	0.0106918106623	0.000378107571604	0.0223122290912	0.00633566607313	0.00993528740008	0.0670647508864	0.030557467309	0.00787242632216	0.0886800163465	0.105603853826	0.0537679053353	0.0777885848181	0.0100774128533	0.0	0.0107074489345	0.00846998238244	0.0206368935368	0.0785941824638	0.0531557247066	0.000279173646008	0.135115120506	0.147604871448	0.00898692810458	0.123862487361	0.0807394892456	0.0512027877698	0.0579550357126	0.0509414004654	0.00968031947145	0.0777370399592	0.115330843228	0.141129586368	0.0133461428609	0.0406858855682	0.0539377895433	0.0809160712381	0.0718602939537	0.109944364614	0.0821243955311	0.316844654413
k__Bacteria;p__Firmicutes;c__Clostridia;o__Clostridiales;f__Ruminococcaceae;g__Oscillospira	0.00968237597087	0.00761175642379	0.00908237716085	0.0100160634981	0.0376744816371	0.00365958400239	0.00617270990363	0.0197990913259	0.0116213448153	0.00639875902855	0.0161322445728	0.0153889907097	0.013544461166	0.0120170086892	0.019665708398	0.00631550292636	0.0107063121575	0.0212431651059	0.0157851535369	0.00293033367993	0.0149932494848	0.00716385771668	0.0150361629235	0.0140324687442	0.0156457903189	0.0232640290674	0.0209780683831	0.00620977757706	0.00577814684105	0.00837791237455	0.015161925702	0.0041603394837	0.0430401581926	0.0132131725166	0.00402880164581	0.00496109457413	0.00355217253409	0.0185495378125	0.0127911673623	0.00928281461434	0.00575037707391	0.0287046399281	0.0117291571902	0.0291704136691	0.0198456449835	0.00871588745505	0.00324071170211	0.00591729707152	0.000333868914717	0.0223993403875	0.0234985589282	0.00925681036763	0.00590541159701	0.00341260531087	0.00490666190869	0.0109060093585	0.0119643154911	0.0226686251935
k__Bacteria;p__Firmicutes;c__Clostridia;o__Clostridiales;f__Ruminococcaceae;g__Ruminococcus	0.128775600413	0.126055966209	0.035966213557	0.016189486283	0.0198536387044	0.00974644310841	0.00995192004871	0.030219665708	0.0920301820538	0.111178438121	0.041774546903	0.0152309928585	0.00431852385003	0.0254760584211	0.0535019207775	0.0264870014972	0.000202963263649	0.0177235874552	0.150211521057	0.0	0.118003742391	0.0127955608928	0.0085649029311	0.019966411644	0.0895618261069	0.00671174808236	0.0415928801707	0.0164088668097	0.00352916753166	0.00366948140943	0.023498694517	0.0174110207393	0.0280202789406	0.115225640331	0.0234227670153	0.125750691942	0.0119885823026	0.00303989081209	0.0108388312912	0.0120433017591	0.00160256410256	0.0029210201101	0.0428552862434	0.0406643435252	0.0889698480418	0.0721599323038	0.00290618662318	0.0359446790737	0.000292135300378	0.0120928954239	0.0857632487731	0.0561579828969	0.0644249860001	0.000586541537805	0.0101701719562	0.0201171659114	0.0952351175588	0.00424788598198
k__Bacteria;p__Firmicutes;c__Clostridia;o__Clostridiales;f__Veillonellaceae;g__	0.0	0.0	0.0	0.0	0.0	0.0	0.0	0.0	0.0	0.0	0.0	0.0	0.0	0.0	0.0	0.0	0.0	0.0	0.0	0.0	0.0	0.0	0.0	0.0	0.0	0.0	0.0	0.0	0.0	0.0	0.0	0.0	0.0	0.0	0.0	0.0	0.0	0.0	0.0	0.0	0.0	0.0	0.0	0.0	0.0	0.0	0.0	0.0	0.0	0.0	0.0	0.0	0.0	0.0	0.0	0.0	0.0	0.0
k__Bacteria;p__Firmicutes;c__Clostridia;o__Clostridiales;f__Veillonellaceae;g__Acidaminococcus	0.0	0.0	0.0	0.00132287631106	0.0	0.00888756114866	0.000125973671503	0.0	0.0	0.0	0.0	0.0	0.0	0.0	0.0110921718778	0.0	0.0298863405724	0.0	0.0	0.0	0.00312655439494	0.0	0.0	0.0	0.0	0.0	0.00145302638151	0.0	0.0	0.0	0.0	0.0	0.0	0.0	0.00593605348877	0.0	0.000475737392959	0.0	0.0	0.0	0.0	0.0	0.00601078692573	0.00129271582734	0.0	0.0	0.00269710844885	0.0	0.0	0.0	0.000908784046945	0.0	0.0	0.0	0.0	0.0	0.0	0.0
k__Bacteria;p__Firmicutes;c__Clostridia;o__Clostridiales;f__Veillonellaceae;g__Anaerovibrio	0.0	0.0	0.0	0.0	0.0	0.0	0.0	0.0	0.0	0.0	0.0	0.0	0.0	0.00107228692919	0.0	0.0	0.0	0.0	0.0	0.0	0.0	0.0	0.0	0.0	0.0	0.0	0.0	0.0	0.0	0.0	0.0	0.0	0.0	0.0	0.0	0.0	0.0	0.0	0.0	0.0	0.0	0.0	0.0	0.0	0.0	0.0	0.0	0.0	0.0	0.0	0.0	0.0	0.0	0.0	0.0	0.0	0.0	0.0
k__Bacteria;p__Firmicutes;c__Clostridia;o__Clostridiales;f__Veillonellaceae;g__Dialister	0.00311519922541	0.0	0.00181647543217	0.00377964660304	0.0	0.00134433698047	0.00237250414663	0.00333458380226	0.0	0.0	0.000149372634933	0.000568792264425	0.0	0.00462192641893	0.0184191110998	0.00400163331972	0.00065963060686	0.00471372006788	0.00635615515754	0.0	0.00395556502996	0.0	0.0	0.0186975181937	0.00857994952971	0.0	0.0186169005131	0.0	0.000207598090098	0.0	0.0	0.00222578162378	0.0156088941246	0.00179563626508	0.0	0.00838163872787	0.0	0.0	0.0	0.0	0.00285947712418	0.00146051005505	0.0127688608747	0.0178169964029	0.0	0.0	0.00591691233352	0.00473383765721	0.0108298729211	0.000274838532362	0.0247448913354	0.00850744952834	0.000178180522323	0.00122640503359	0.00909962753976	0.00217383294646	0.0	0.0
k__Bacteria;p__Firmicutes;c__Clostridia;o__Clostridiales;f__Veillonellaceae;g__Megamonas	0.0	0.0	0.0	0.0	0.0	0.0	0.0	0.0	0.0	0.0	0.0	0.0	0.0	0.0	0.0	0.0	0.0	0.0	0.0	0.0	0.0	0.0	0.0	0.0	0.0	0.0	0.000726513190755	0.0	0.0	0.0	0.0	0.0	0.0	0.0	0.0	0.0	0.0	0.0	0.0	0.0	0.0	0.0	0.0	0.0	0.0	0.0	0.0	0.0	0.0	0.0	0.0	0.0	0.0	0.0	0.0	0.0	0.00227196931799	0.0
k__Bacteria;p__Firmicutes;c__Clostridia;o__Clostridiales;f__Veillonellaceae;g__Megasphaera	0.000420972868299	0.0	0.0	0.00551198462944	0.0	0.00806602188282	0.0	0.0	0.0	0.0	0.0	0.00271756304114	0.000196296538638	0.000554631170272	0.0	0.0	0.000456667343211	0.0	0.0	0.0	0.0020133115422	0.0	0.0	0.00261242769173	0.0	0.0	0.00376878717704	0.00112905046856	0.0	0.0	0.0	0.0	0.0346466962577	0.0	0.0	0.0	0.0	0.0	0.0	0.0	0.0	0.0	0.0	0.00132081834532	0.0	0.0	0.0	0.0	0.000125200843019	0.0	0.0	0.0	0.00384360841012	0.0	0.0	0.00291072547069	0.0	0.0
k__Bacteria;p__Firmicutes;c__Clostridia;o__Clostridiales;f__Veillonellaceae;g__Mitsuokella	0.0	0.0	0.0	0.00245677029198	0.0	0.0	0.0	0.0	0.0	0.0	0.0	0.0	0.0	0.0064706969865	0.0	0.0	0.0	0.0	0.0	0.0	0.0	0.0	0.0	0.0	0.0	0.0	0.0	0.0	0.0	0.0	0.0	0.0	0.0	0.0	0.0	0.0	0.0	0.0	0.0	0.0	0.0	0.0	0.0	0.0	0.0	0.0	0.0	0.0	0.0	0.0	0.0	0.0	0.0	0.0	0.0	0.0	0.0	0.0
k__Bacteria;p__Firmicutes;c__Clostridia;o__Clostridiales;f__Veillonellaceae;g__Phascolarctobacterium	0.000884043023427	0.00492784230905	0.0	0.0	0.0222929936306	0.0057881175548	0.0084612316026	0.0	0.00376230587547	0.00540501236124	0.00413264289982	0.00290716046262	0.0411895570241	0.0155296727676	0.0	0.000272219953723	0.0	0.0	0.00357796813504	0.0267826196553	0.0	0.0027330324237	0.0029311001142	0.0	0.00201881165405	0.0486980218006	0.00381419425146	0.00496782206165	0.0119368901806	0.00888633449755	0.000732902752966	0.0	0.0	0.00433663097981	0.00465026572947	0.0	0.00434506818903	0.0229232582666	0.00821327588528	0.00719891745602	0.0	0.0	0.0	0.00207958633094	0.00671108767557	0.00395599746139	0.0	0.000533716990764	0.0	0.00114516055151	0.0	0.0	0.00587995723667	0.0146368774661	0.0	0.0	0.00560697015174	0.016594545238
k__Bacteria;p__Firmicutes;c__Clostridia;o__Clostridiales;f__Veillonellaceae;g__Veillonella	0.0	0.0	0.0	0.0	0.0	0.0	0.000230951731088	0.0	0.0	0.0	0.0	0.0	0.000392593077275	0.0	0.0	0.0	0.00334889385021	0.00012569920181	0.0	0.0263730031194	0.0	0.0	0.0	0.000261242769173	0.0	0.000151392813888	0.0004086636698	0.0	0.000415196180195	0.0	0.0	0.000124810184511	0.0	0.0	0.000150008571918	0.0	0.0	0.000248154352007	0.0	0.000162381596752	0.00980392156863	0.0063476013931	0.000129962960556	0.00070256294964	0.0	0.000148085466469	0.000125446904598	0.000394486471435	0.00763725142416	0.00174064403829	0.000493339911199	0.0	0.0	0.000399914684867	0.000133818052055	0.0	0.0	0.0
k__Bacteria;p__Firmicutes;c__Clostridia;o__Clostridiales;f__[Mogibacteriaceae];g__	0.00145235639563	0.00259591693066	0.002088946747	0.0021103026867	0.0	0.000373426939019	0.00195259190829	0.000666916760452	0.00110779006333	0.000872558049348	0.00181736705835	0.00126398280983	0.0	0.00698835274542	0.00178085328313	0.00141554375936	0.000152222447737	0.00025139840362	0.00391471807716	0.0	0.000994812762027	0.000786782061369	0.00392082223068	0.001940660571	0.00555173204864	0.0	0.000681106116333	0.0	0.0	0.000309474335735	0.00714580184142	0.0	0.00927698424385	0.00298143379862	0.0	0.00174943861298	0.000951474785918	0.00167504187605	0.0	0.0	0.0	0.0	0.00302163883293	0.000814973021583	0.00234888068645	0.00114237359848	0.0	0.00162435605885	0.0	0.0	0.00150598499208	0.000528960592436	0.00150180725958	0.000133304894956	0.000468363182193	0.0	0.00168834417209	0.0
k__Bacteria;p__Firmicutes;c__Clostridia;o__Clostridiales;f__[Mogibacteriaceae];g__Mogibacterium	0.0	0.0	0.0	0.0	0.0	0.0	0.0	0.0	0.0	0.0	0.0	0.0	0.0	0.0	0.0	0.0	0.0	0.0	0.0	0.0	0.000331604254009	0.0	0.0	0.0	0.0	0.0	0.0	0.0	0.0	0.0	0.000183225688241	0.0	0.0	0.0	0.0	0.0	0.0	0.0	0.0	0.0	0.0	0.0	0.0	0.0	0.0	0.0	0.0	0.0	0.0	0.000183225688241	0.0	0.0	0.0	0.0	0.0	0.0	0.0	0.0
k__Bacteria;p__Firmicutes;c__Clostridia;o__Clostridiales;f__[Tissierellaceae];g__1-68	0.0	0.0	0.0	0.0	0.0	0.0	0.0	0.0	0.0	0.0	0.0	0.0	0.0	0.0	0.0	0.0	0.0	0.0	0.000273609327973	0.0	0.0	0.0	0.0	0.0	0.0	0.0	0.0	0.0	0.0	0.0	0.0	0.0	0.0	0.0	0.0	0.0	0.0	0.0	0.0	0.0	0.0	0.0	0.0	0.0	0.0	0.0	0.0	0.0	0.0	0.0	0.0	0.0	0.0	0.0	0.0	0.0	0.0	0.0
k__Bacteria;p__Firmicutes;c__Clostridia;o__Clostridiales;f__[Tissierellaceae];g__Anaerococcus	0.0	0.0	0.0	0.0	0.0	0.0	0.0	0.0	0.0	0.0	0.0	0.0	0.0	0.0	0.0	0.0	0.0	0.0	0.0	0.0	0.0	0.0	0.0	0.0	0.0	0.0	0.0	0.0	0.0	0.0	0.0	0.0	0.0	0.0	0.0	0.0	0.0	0.0	0.0	0.0	0.0	0.0	0.0	0.0	0.0	0.0	0.0	0.00023205086555	0.0	0.0	0.0	0.0	0.0	0.0	0.0	0.0	0.0	0.0
k__Bacteria;p__Firmicutes;c__Clostridia;o__Clostridiales;f__[Tissierellaceae];g__Finegoldia	0.0	0.0	0.0	0.0	0.000135519718119	0.0	0.0	0.0	0.0	0.0	0.0	0.0	0.0	0.0	0.0	0.0	0.0	0.0	0.0	0.0	0.0	0.0	0.0	0.0	0.0	0.0	0.0	0.0	0.0	0.0	0.0	0.0	0.0	0.0	0.0	0.0	0.0	0.0	0.0	0.0	0.000251382604324	0.0	0.0	0.0	0.0	0.0	0.0	0.0	0.000187801264529	0.0	0.0	0.0	0.0	0.0	0.0	0.0	0.0	0.0
k__Bacteria;p__Firmicutes;c__Clostridia;o__Clostridiales;f__[Tissierellaceae];g__Parvimonas	0.0	0.0	0.0	0.0	0.0	0.0	0.0	0.0	0.0	0.0	0.0	0.0	0.0	0.0	0.0	0.0	0.0	0.0	0.0	0.0	0.0	0.0	0.000266463646745	0.0	0.0	0.0	0.0	0.0	0.0	0.0	0.0	0.0	0.0	0.0	0.0	0.0	0.0	0.0	0.0	0.0	0.0	0.0	0.0	0.0	0.0	0.000126930399831	0.0	0.0	0.0	0.0	0.0	0.0	0.0	0.0	0.0	0.0	0.0	0.0
k__Bacteria;p__Firmicutes;c__Clostridia;o__Clostridiales;f__[Tissierellaceae];g__Peptoniphilus	0.0	0.0	0.0	0.0	0.0	0.0	0.0	0.0	0.0	0.0	0.0	0.0	0.0	0.0	0.0	0.0	0.0	0.0	0.0	0.0	0.0	0.0	0.000190331176247	0.0	0.0	0.0	0.0	0.0	0.0	0.0	0.0	0.0	0.0	0.0	0.0	0.0	0.0	0.0	0.0	0.0	0.0	0.0	0.0	0.0	0.0	0.0	0.0	0.0	0.0	0.0	0.0	0.0	0.0	0.0	0.0	0.0	0.0	0.0
k__Bacteria;p__Firmicutes;c__Clostridia;o__Clostridiales;f__[Tissierellaceae];g__WAL_1855D	0.0	0.0	0.0	0.0	0.000203279577178	0.0	0.0	0.0	0.0	0.0	0.0	0.0	0.0	0.0	0.000127203805938	0.0	0.0	0.000188548802715	0.0	0.0	0.0	0.0	0.0	0.0	0.0	0.0	0.0	0.0	0.0	0.0	0.0	0.0	0.0	0.0	0.0	0.0	0.0	0.0	0.0	0.0	0.0	0.0	0.0	0.0	0.0	0.0	0.0	0.000556922077319	0.0	0.0	0.0	0.0	0.0	0.0	0.0	0.0	0.0	0.0
k__Bacteria;p__Firmicutes;c__Clostridia;o__SHA-98;f__;g__	0.0	0.0	0.0	0.0	0.0	0.0	0.0	0.0	0.0	0.0	0.0	0.0	0.0	0.0	0.0	0.0	0.0	0.0	0.0	0.0	0.0	0.0	0.0	0.0	0.0	0.0	0.00104436271171	0.0	0.0	0.0	0.0	0.0	0.0	0.000203279577178	0.0	0.0	0.0	0.0	0.0	0.0	0.0	0.0	0.0	0.0	0.000335554383778	0.0	0.0	0.0	0.0	0.0	0.000233687326357	0.0	0.0	0.0	0.0	0.0	0.0	0.0
k__Bacteria;p__Firmicutes;c__Erysipelotrichi;o__Erysipelotrichales;f__Erysipelotrichaceae;Other	0.0	0.0	0.000302745905362	0.0	0.0	0.0	0.000230951731088	0.000791963653037	0.0	0.000436279024674	0.000348536148178	0.000442393983442	0.0	0.0	0.00119571577582	0.000272219953723	0.000558148975036	0.00037709760543	0.000252562456591	0.0	0.000663208508018	0.0	0.000114198705748	0.000223922373577	0.0	0.000857892612031	0.000136221223267	0.0	0.0	0.000751580529643	0.0	0.000436835645789	0.00023139869996	0.000508198942946	0.0	0.000234999216669	0.000570884871551	0.000217135058006	0.00114447286926	0.000297699594046	0.00069130216189	0.00174137737333	0.000487361102086	0.0	0.000143809021619	0.0	0.000459971983525	0.000116025432775	0.000292135300378	0.000961934863268	0.000389478877262	0.000132240148109	0.0	0.0	0.000133818052055	0.00058951401938	0.0	0.0
k__Bacteria;p__Firmicutes;c__Erysipelotrichi;o__Erysipelotrichales;f__Erysipelotrichaceae;g__	0.0036624639542	0.00140795494544	0.0099603402864	0.0	0.00108415774495	0.000784196571941	0.00243549098238	0.00646075611688	0.0115377380181	0.0197052692811	0.00241485759809	0.0171269670732	0.00114506314205	0.0	0.000508815223751	0.0268681094324	0.000355185711386	0.00584501288417	0.0122913728874	0.000976777893311	0.000118430090717	0.00260880367717	0.000647125999239	0.0188467997761	0.0	0.00550060557126	0.000272442446533	0.0130593504196	0.00297557262473	0.00789159556125	0.000503870642664	0.0532939487862	0.00159875465427	0.0134842119528	0.0272587004972	0.0188782704058	0.0278464954012	0.00468391339413	0.0154840447018	0.00146143437077	0.00430492709904	0.0010111223458	0.0014945740464	0.00404676258993	0.00673505584584	0.00349058599535	0.00859311296494	0.00754165313037	0.00202408029547	0.0	0.00407654558201	0.00105792118487	0.0	0.0201557001173	0.0102816869996	0.00114218341255	0.0100466900117	0.000357298820914
k__Bacteria;p__Firmicutes;c__Erysipelotrichi;o__Erysipelotrichales;f__Erysipelotrichaceae;g__Bulleidia	0.0	0.0	0.0	0.0	0.0	0.0	0.0	0.0	0.0	0.0	0.0	0.0	0.0	0.00207062303568	0.0	0.0	0.0	0.0	0.0	0.0	0.0	0.0	0.0	0.0	0.000229410415233	0.0	0.0	0.0	0.0	0.0	0.0	0.0	0.0	0.0	0.0	0.0	0.0	0.0	0.0	0.0	0.0	0.0	0.0	0.0	0.0	0.0	0.0	0.0	0.0	0.0	0.0	0.0	0.0	0.0	0.0	0.0	0.0	0.0
k__Bacteria;p__Firmicutes;c__Erysipelotrichi;o__Erysipelotrichales;f__Erysipelotrichaceae;g__Catenibacterium	0.0	0.0	0.000272471314825	0.013701218936	0.0	0.0	0.0	0.0	0.0	0.0	0.0	0.0	0.0	0.0417822148271	0.0	0.0	0.0	0.0	0.0	0.0	0.0	0.0	0.0406928054815	0.0	0.0225739848589	0.0	0.00749216727966	0.0	0.0	0.0	0.0373780404013	0.0	0.045438290174	0.0	0.0	0.0	0.0254678084364	0.0	0.0	0.0	0.0	0.0346590270756	0.0	0.0	0.0	0.000253860799662	0.0	0.0	0.0	0.0	0.0	0.0	0.0177416891514	0.0	0.0	0.0	0.0	0.0
k__Bacteria;p__Firmicutes;c__Erysipelotrichi;o__Erysipelotrichales;f__Erysipelotrichaceae;g__Coprobacillus	0.000315729651224	0.000131995776135	0.0	0.0	0.00345575281203	0.000672168490235	0.000251947343005	0.0	0.000146311895157	0.00024237723593	0.00647281418044	0.00037919484295	0.0	0.0	0.000864985880378	0.0	0.0	0.0	0.0113653105466	0.0	0.000805324616879	0.0	0.0	0.0	0.000825877494838	0.0166027452564	0.0	0.000225810093711	0.0	0.00205579380167	0.0	0.00110248996318	0.0	0.00152459682884	0.0	0.0	0.000158579130986	0.000837520938023	0.000807863201831	0.0	0.00926973353444	0.000280867318279	0.000194944440834	0.000814973021583	0.0	0.0	0.000146354722031	0.00018564069244	0.0	0.0	0.0	0.000308560345588	0.0	0.000213287831929	0.0	0.000810581776648	0.0	0.000158799475962
k__Bacteria;p__Firmicutes;c__Erysipelotrichi;o__Erysipelotrichales;f__Erysipelotrichaceae;g__RFN20	0.0	0.0	0.0	0.0	0.0	0.0	0.0	0.0	0.0	0.0	0.0	0.0	0.0	0.0	0.0	0.0	0.0	0.0	0.0	0.0	0.0	0.0	0.0	0.0	0.0	0.0	0.0	0.0	0.0	0.0	0.0	0.0	0.0	0.0	0.0	0.0	0.0	0.0	0.0	0.0	0.0	0.0	0.0	0.0	0.0	0.000613496932515	0.0	0.0	0.0	0.0	0.0	0.0	0.0	0.0	0.0	0.0	0.0	0.0
k__Bacteria;p__Firmicutes;c__Erysipelotrichi;o__Erysipelotrichales;f__Erysipelotrichaceae;g__[Eubacterium]	0.0	0.000131995776135	0.000121098362145	0.00333868783269	0.000948638026833	0.000448112326823	0.0061307186798	0.00466841732316	0.000689756077169	0.0024237723593	0.00500398327026	0.0152309928585	0.0	0.0454058051396	0.000254407611876	0.000163331972234	0.0	0.00050279680724	0.00109443731189	0.0	0.000852696653166	0.00165638328709	0.00312143129045	0.000223922373577	0.0181234228034	0.00302785627776	0.0	0.000338715140567	0.00781952806034	0.0052831690172	0.0180935367138	0.00509641586753	0.000147253718156	0.000135519718119	0.0	0.000626664577785	0.000222010783381	0.0102984056083	0.00255823347247	0.000162381596752	0.00565610859729	0.000730255027525	0.0	0.000562050359712	0.0	0.0216627882378	0.00200715047356	0.0	0.000166934457359	0.000137419266181	0.000259652584841	0.000705280789914	0.00496360026473	0.00157299776048	0.0	0.000515824766958	0.0440220110055	0.00190559371154
k__Bacteria;p__Firmicutes;c__Erysipelotrichi;o__Erysipelotrichales;f__Erysipelotrichaceae;g__cc_115	0.000610410659033	0.000923970432946	0.000363295086434	0.0	0.0	0.0	0.0	0.0	0.0	0.0	0.000921131248755	0.0	0.0	0.0	0.0	0.0	0.0	0.0	0.00963946709322	0.0	0.000284232217722	0.000165638328709	0.0	0.000186601977981	0.00013764624914	0.00131207105369	0.000499477818644	0.0	0.0	0.0	0.0	0.0	0.0	0.000609838731535	0.0	0.0	0.0	0.0	0.0	0.0	0.0	0.0	0.0	0.000309127697842	0.000167777191889	0.0	0.0	0.0	0.0	0.0	0.000155791550905	0.0	0.0	0.0	0.0	0.0	0.0	0.0
k__Bacteria;p__Fusobacteria;c__Fusobacteriia;o__Fusobacteriales;f__Fusobacteriaceae;g__Fusobacterium	0.0	0.0	0.0	0.0	0.0	0.0	0.0	0.0	0.0	0.0	0.0	0.0	0.0	0.0	0.0	0.0	0.0	0.0	0.0	0.0888867882913	0.0	0.0	0.000456794822992	0.0	0.0	0.0	0.0	0.0	0.00024219777178	0.0	0.0	0.0	0.0	0.0	0.0	0.0	0.0	0.0	0.000740541268345	0.0	0.0	0.0	0.0	0.0	0.0	0.0	0.0	0.0	0.0	0.0	0.0	0.0	0.0	0.0	0.0	0.0	0.0	0.0
k__Bacteria;p__Fusobacteria;c__Fusobacteriia;o__Fusobacteriales;f__Leptotrichiaceae;Other	0.0	0.0	0.0	0.0	0.0	0.0	0.0	0.0	0.0	0.0	0.0	0.00218037034696	0.0	0.0	0.0	0.0	0.0	0.0	0.0	0.0	0.0	0.0	0.0	0.0	0.0	0.0	0.0	0.0	0.0	0.0	0.0	0.0	0.0	0.0	0.0	0.0	0.0	0.0	0.0	0.0	0.0	0.0	0.0	0.0	0.0	0.0	0.0	0.0	0.0	0.0	0.0	0.0	0.0	0.0	0.0	0.000147378504845	0.0	0.0
k__Bacteria;p__Fusobacteria;c__Fusobacteriia;o__Fusobacteriales;f__Leptotrichiaceae;g__	0.0	0.0	0.0	0.0	0.0	0.0	0.0	0.0	0.0	0.0	0.0	0.00432914112368	0.0	0.0	0.0	0.0	0.0	0.0	0.0	0.0	0.0	0.0	0.0	0.0	0.0	0.0	0.0	0.0	0.0	0.0	0.0	0.0	0.0	0.0	0.0	0.0	0.0	0.0	0.0	0.0	0.0	0.0	0.0	0.0	0.0	0.0	0.0	0.0	0.0	0.0	0.0	0.0	0.0	0.0	0.0	0.000221067757268	0.0	0.0
k__Bacteria;p__Lentisphaerae;c__[Lentisphaeria];o__Victivallales;f__Victivallaceae;g__	0.0	0.0	0.0	0.0	0.0	0.0	0.0	0.0	0.0	0.0	0.0	0.0	0.0	0.0	0.0	0.0	0.0	0.0	0.0	0.0	0.0	0.0	0.000228397411496	0.0	0.0	0.0	0.0	0.0	0.0	0.0	0.0	0.0	0.0	0.0	0.0	0.0	0.0	0.0	0.0	0.0	0.0	0.0	0.0	0.0	0.0	0.0	0.0	0.0	0.0	0.0	0.0	0.0	0.0	0.0	0.0	0.0	0.0	0.0
k__Bacteria;p__Proteobacteria;c__Alphaproteobacteria;o__RF32;f__;g__	0.0	0.0	0.000151372952681	0.0	0.0	0.0	0.0	0.0	0.0	0.0	0.0	0.0	0.0	0.0	0.0	0.0	0.0	0.0	0.0	0.0	0.0	0.0	0.0	0.0	0.0	0.0314897052887	0.0	0.0	0.0	0.0	0.000274838532362	0.0	0.0	0.00203279577178	0.0	0.0	0.0	0.0	0.0	0.0	0.0	0.0	0.0	0.0	0.000599204256747	0.00266553839645	0.0	0.0	0.0	0.0	0.0	0.0	0.0	0.0	0.0	0.0	0.0	0.0
k__Bacteria;p__Proteobacteria;c__Alphaproteobacteria;o__Rhodobacterales;f__Rhodobacteraceae;g__Paracoccus	0.0	0.0	0.0	0.0	0.0	0.0	0.0	0.0	0.0	0.0	0.0	0.0	0.0	0.0	0.0	0.0	0.0	0.0	0.0	0.0	0.0	0.0	0.0	0.0	0.0	0.0	0.0	0.0	0.0	0.0	0.0	0.0	0.0	0.0	0.0	0.0	0.0	0.0	0.0	0.0	0.0	0.0	0.0	0.0	0.0	0.0	0.0	0.0	0.0	0.0	0.0	0.0	0.0	0.0	0.0	0.0	0.0	0.0
k__Bacteria;p__Proteobacteria;c__Alphaproteobacteria;o__Rhodobacterales;f__Rhodobacteraceae;g__Rubellimicrobium	0.0	0.0	0.0	0.0	0.0	0.0	0.000839824476684	0.0	0.0	0.0	0.0	0.0	0.0	0.0	0.0	0.0	0.0	0.0	0.0	0.0	0.0	0.0	0.0	0.0	0.0	0.0	0.0	0.0	0.0	0.0	0.0	0.0	0.0	0.0	0.0	0.0	0.0	0.0	0.0	0.0	0.0	0.0	0.0	0.0	0.0	0.0	0.0	0.0	0.0	0.0	0.0	0.0	0.0	0.0	0.0	0.0	0.0	0.0
k__Bacteria;p__Proteobacteria;c__Alphaproteobacteria;o__Sphingomonadales;f__Erythrobacteraceae;g__	0.0	0.0	0.0	0.0	0.0	0.0	0.0	0.0	0.0	0.0	0.0	0.0	0.0	0.0	0.0	0.0	0.0	0.0	0.0	0.0	0.0	0.0	0.0	0.0	0.0	0.0	0.0	0.0	0.0	0.0	0.0	0.0	0.0	0.0	0.0	0.0	0.0	0.0	0.0	0.0	0.0	0.0	0.0	0.0	0.0	0.0	0.0	0.0	0.0	0.0	0.0	0.0	0.0	0.0	0.0	0.0	0.0	0.0
k__Bacteria;p__Proteobacteria;c__Alphaproteobacteria;o__Sphingomonadales;f__Sphingomonadaceae;g__Sphingomonas	0.0	0.0	0.0	0.0	0.0	0.0	0.0	0.0	0.0	0.0	0.0	0.0	0.0	0.0	0.0	0.0	0.0	0.0	0.0	0.0	0.0	0.0	0.0	0.0	0.0	0.0	0.0	0.0	0.0	0.0	0.0	0.0	0.0	0.0	0.0	0.0	0.0	0.0	0.0	0.0	0.0	0.0	0.0	0.0	0.0	0.0	0.0	0.0	0.0	0.0	0.0	0.0	0.0	0.0	0.0	0.0	0.0	0.0
k__Bacteria;p__Proteobacteria;c__Betaproteobacteria;o__Burkholderiales;f__Alcaligenaceae;Other	0.0	0.0	0.0	0.0	0.0	0.0	0.0	0.0	0.0	0.0	0.0	0.0	0.0	0.0	0.0	0.0	0.0	0.0	0.0	0.0	0.0	0.0	0.0	0.0	0.0	0.0	0.0	0.0	0.0	0.0	0.0	0.0	0.0	0.0	0.0	0.0	0.0	0.0	0.0	0.0	0.000125691302162	0.0	0.0	0.0	0.0	0.0	0.0	0.0	0.0	0.0	0.0	0.0	0.0	0.0	0.0	0.0	0.0	0.0
k__Bacteria;p__Proteobacteria;c__Betaproteobacteria;o__Burkholderiales;f__Alcaligenaceae;g__	0.0	0.0	0.0	0.0	0.0	0.0	0.0	0.0	0.0	0.0	0.0	0.0	0.0064123535955	0.0	0.0	0.0	0.0	0.0	0.000315703070739	0.000189053785802	0.0	0.0	0.0	0.0	0.0	0.0	0.0	0.0	0.0	0.0	0.0	0.0	0.00157771840882	0.0	0.0	0.0	0.0	0.0	0.0	0.0	0.00531045751634	0.0	0.0	0.0	0.0	0.0	0.0	0.0	0.0	0.0	0.0	0.0	0.0	0.0	0.0	0.0	0.0	0.0
k__Bacteria;p__Proteobacteria;c__Betaproteobacteria;o__Burkholderiales;f__Alcaligenaceae;g__Sutterella	0.00261003178345	0.0	0.0172262420151	0.0019843144666	0.0536658083751	0.0057881175548	0.00428310483109	0.0105039389771	0.00441025855402	0.0101071307383	0.00221569408484	0.0175061619162	0.00464568474776	0.00177481974487	0.00501182995395	0.00604328297264	0.0391211690684	0.0651121865376	0.00254667143729	0.0090745817185	0.0148748193941	0.00227752701975	0.00182717929197	0.00649374883374	0.00289057123193	0.0224566007267	0.00998955637288	0.00485491701479	0.0225243927756	0.0136831867014	0.0	0.0	0.00288196562677	0.00254099471473	0.007350420024	0.00801608439083	0.00735807167777	0.035889323159	0.0262555540595	0.029201623816	0.0	0.0624087181216	0.0157580089674	0.00266973920863	0.00527299745937	0.00279246879628	0.00899036149616	0.0102102380842	0.00536276944265	0.00696257615318	0.00843870900735	0.00304152340651	0.00468360230107	0.00527887384025	0.0062894484466	0.00357392874249	0.00327246956812	0.0
k__Bacteria;p__Proteobacteria;c__Betaproteobacteria;o__Burkholderiales;f__Burkholderiaceae;g__Lautropia	0.0	0.0	0.0	0.0	0.0	0.0	0.0	0.0	0.0	0.0	0.0	0.0	0.0	0.0	0.0	0.0	0.0	0.0	0.0	0.0	0.0	0.0	0.0	0.0	0.0	0.000151392813888	0.0	0.0	0.0	0.0	0.0	0.0	0.0	0.0	0.0	0.0	0.0	0.0	0.0	0.0	0.0	0.0	0.0	0.0	0.0	0.0	0.0	0.0	0.0	0.0	0.0	0.0	0.0	0.0	0.0	0.0	0.0	0.0
k__Bacteria;p__Proteobacteria;c__Betaproteobacteria;o__Burkholderiales;f__Oxalobacteraceae;Other	0.0	0.0	0.0	0.0	0.0	0.0	0.0	0.0	0.0	0.0	0.0	0.0	0.0	0.0	0.0	0.0	0.0	0.0	0.0	0.0	2.36860181435e-05	0.0	0.0	0.0	0.0	0.0	0.0	0.0	0.0	0.0	0.0	0.0	0.0	0.0	0.0	0.0	0.0	0.0	0.0	0.0	0.0	0.0	0.0	0.0	0.000191745362159	0.0	0.0	0.0	0.0	0.0	0.0	0.0	0.0	0.0	0.0	0.0	0.0	0.0
k__Bacteria;p__Proteobacteria;c__Betaproteobacteria;o__Burkholderiales;f__Oxalobacteraceae;g__Oxalobacter	0.0	0.0	0.0	0.000283473495228	0.0	0.0	0.0	0.0	0.0	0.0	0.0	0.0	0.0	0.0	0.0	0.0	0.0	0.0	0.000168374971061	0.0	0.0005447784173	0.0	0.0	0.0	0.0	0.0	0.000181628297689	0.0	0.0	0.0	0.0	0.0	0.0	0.000271039436238	0.0	0.0	0.0	0.0	0.0	0.0	0.0	0.0	0.0	0.0	0.0	0.0	0.0	0.0	0.0	0.0	0.0	0.0	0.0	0.0	0.0	0.0	0.0	0.0
k__Bacteria;p__Proteobacteria;c__Betaproteobacteria;o__Neisseriales;f__Neisseriaceae;g__	0.0	0.0	0.0	0.0	0.0	0.0	0.0	0.0	0.0	0.0	0.0	0.0	0.0	0.0	0.0	0.0	0.0	0.0	0.0	0.0	0.0	0.0	0.0	0.0	0.0	0.0	0.0	0.0	0.0	0.0	0.0	0.0	0.0	0.0	0.0	0.0	0.0	0.0	0.0	0.0	0.0	0.0	0.0	0.0	0.0	0.0	0.0	0.0	0.0	0.0	0.0	0.0	0.0	0.0	0.0	0.0	0.0	0.0
k__Bacteria;p__Proteobacteria;c__Betaproteobacteria;o__Neisseriales;f__Neisseriaceae;g__Neisseria	0.0	0.0	0.0	0.0	0.0	0.0	0.0	0.0	0.0	0.0	0.0	0.0	0.0	0.0	0.0	0.0	0.0	0.0	0.0	0.0	0.0	0.0	0.0	0.0	0.0	0.0	0.0	0.0	0.0	0.0	0.0	0.0	0.0	0.0	0.0	0.0	0.0	0.0	0.0	0.000135317997294	0.0	0.0	0.0	0.0	0.0	0.0	0.0	0.0	0.0	0.0	0.0	0.0	0.0	0.0	0.0	0.0	0.0	0.0
k__Bacteria;p__Proteobacteria;c__Betaproteobacteria;o__Rhodocyclales;f__Rhodocyclaceae;g__Hydrogenophilus	0.0	0.0	0.0	0.0	0.0	0.0	0.000230951731088	0.0	0.0	0.0	0.0	0.0	0.0	0.0	0.0	0.0	0.0	0.0	0.0	0.0	0.0	0.0	0.0	0.0	0.0	0.0	0.0	0.0	0.0	0.0	0.0	0.0	0.0	0.0	0.0	0.0	0.0	0.0	0.0	0.0	0.0	0.0	0.0	0.0	0.0	0.0	0.0	0.0	0.0	0.0	0.0	0.0	0.0	0.0	0.0	0.0	0.0	0.0
k__Bacteria;p__Proteobacteria;c__Deltaproteobacteria;o__Desulfovibrionales;f__Desulfovibrionaceae;g__	0.0	0.0	0.0	0.0	0.0	0.0	0.0	0.0	0.0	0.0	0.0	0.0	0.0	0.0	0.0	0.0	0.0	0.0	0.0	0.0	0.0	0.0	0.0	0.0	0.0	0.0	0.0	0.0	0.0	0.0	0.0	0.0	0.0	0.0	0.0	0.0	0.0	0.000124077176003	0.0	0.0	0.0	0.0	0.0	0.0	0.0	0.0	0.0	0.0	0.0	0.000274838532362	0.0	0.0	0.0	0.0	0.0	0.0	0.0	0.0
k__Bacteria;p__Proteobacteria;c__Deltaproteobacteria;o__Desulfovibrionales;f__Desulfovibrionaceae;g__Bilophila	0.000568313372203	0.0	0.00163482788895	0.000850420485685	0.0	0.000522797714627	0.0	0.00279271393439	0.000271722091006	0.000533229919046	0.0	0.00281236175188	0.000196296538638	0.0	0.00264583916351	0.000353885939839	0.0	0.0024511344353	0.00147328099678	0.0	0.00213174163291	0.000372686239596	0.0	0.000821048703116	0.000734113328745	0.00297739200646	0.000862734414022	0.000451620187422	0.000345996816829	0.00139263451081	0.000595483486785	0.0	0.00046279739992	0.00155847675837	0.0	0.0	0.000126863304789	0.00279173646008	0.0	0.00273342354533	0.0	0.00196607122795	0.000649814802781	0.00101169064748	0.000263649872969	0.000423101332769	0.000167262539464	0.000603332250429	0.0	0.00178645046035	0.0	0.000528960592436	0.0	0.00069318545377	0.000111515043379	0.00427397664051	0.000125062531266	0.0020643931875
k__Bacteria;p__Proteobacteria;c__Deltaproteobacteria;o__Desulfovibrionales;f__Desulfovibrionaceae;g__Desulfovibrio	0.00128396724831	0.0	0.0	0.00160634980629	0.0	0.0	0.0	0.0	0.0	0.0	0.0	0.00135878152057	0.00196296538638	0.00077648363838	0.0	0.0	0.0	0.0	0.000862921726685	0.0	0.0	0.0	0.0	0.0	0.0	0.00267460637868	0.000181628297689	0.0	0.0	0.0	0.00164903119417	0.0	0.0	0.0	0.0	0.0	0.0	0.000124077176003	0.0	0.000324763193505	0.0	0.0	0.0	0.0033160971223	0.00220507166483	0.000951977998731	0.0	0.0	0.0	0.00590902844579	0.000519305169683	0.0	0.0	0.0	0.0	0.0	0.0	0.000158799475962
k__Bacteria;p__Proteobacteria;c__Epsilonproteobacteria;o__Campylobacterales;f__Campylobacteraceae;g__Campylobacter	0.0	0.0	0.0	0.0	0.000203279577178	0.0	0.0	0.0	0.0	0.0	0.0	0.0	0.0	0.0	0.0	0.0	0.0	0.0	0.0	0.0	0.0	0.0	0.0	0.0	0.0	0.0	0.0	0.0	0.0	0.0	0.0	0.0	0.0	0.0	0.0	0.0	0.0	0.0	0.0	0.0	0.0	0.0	0.0	0.0	0.0	0.0	0.0	0.0	0.0	0.0	0.0	0.0	0.0	0.0	0.0	0.0	0.0	0.0
k__Bacteria;p__Proteobacteria;c__Epsilonproteobacteria;o__Campylobacterales;f__Helicobacteraceae;g__Flexispira	0.0	0.0	0.0	0.0	0.0	0.0	0.0	0.0	0.0	0.0	0.0	0.0	0.0	0.00177481974487	0.0	0.0	0.0	0.0	0.0	0.0	0.0	0.0	0.0	0.0	0.0	0.0	0.0	0.0	0.0	0.0	0.0	0.0	0.0	0.0	0.0	0.0	0.0	0.0	0.0	0.0	0.0	0.0	0.0	0.0	0.0	0.0	0.0	0.0	0.0	0.0	0.0	0.0	0.0	0.0	0.0	0.0	0.0	0.0
k__Bacteria;p__Proteobacteria;c__Gammaproteobacteria;o__Aeromonadales;f__Succinivibrionaceae;g__Succinivibrio	0.0	0.0	0.0	0.0	0.0	0.0	0.0	0.0	0.0	0.0	0.0	0.0	0.0	0.0	0.0	0.0	0.0	0.0	0.0	0.0	0.0	0.0	0.0	0.0	0.0	0.0	0.0	0.0	0.0	0.0	0.0	0.0	0.0	0.0	0.00272158409052	0.0	0.0	0.0	0.0	0.0	0.0	0.0	0.0	0.0	0.0	0.0	0.0	0.0	0.0	0.0	0.0	0.0	0.0	0.0	0.0	0.0	0.0	0.0
k__Bacteria;p__Proteobacteria;c__Gammaproteobacteria;o__Enterobacteriales;f__Enterobacteriaceae;Other	0.0	0.0	0.0	0.0	0.0	0.0	0.0	0.0	0.0	0.0	0.0	0.0	0.0	0.0	0.0	0.0	0.0	0.0	0.0	0.0	0.0	0.0	0.0	0.0	0.0	0.0	0.0	0.0	0.0	0.0	0.0	0.0	0.0	0.0	0.0	0.0	0.0	0.0	0.0	0.0	0.0	0.0	0.0	0.0	0.0	0.0	0.0	0.0	0.0	0.000137419266181	0.0	0.0	0.0	0.000106643915965	0.0	0.000110533878634	0.0	0.0
k__Bacteria;p__Proteobacteria;c__Gammaproteobacteria;o__Enterobacteriales;f__Enterobacteriaceae;g__	0.000231535077564	0.0	0.000877963125549	0.00214179974172	0.00189727605367	0.0	0.000209956119171	0.000291776082698	0.0	0.00121188617965	0.000298745269867	0.0	0.0	0.0	0.000254407611876	0.0	0.000304444895474	0.00050279680724	0.0032622650643	0.0491854932728	0.000829010635022	0.00405813905338	0.00190331176247	0.000186601977981	0.0	0.00534921275737	0.000227035372111	0.0	0.000761192997024	0.0	0.0	0.00160173070123	0.0	0.00155847675837	0.00120006857535	0.00832941667972	0.00034887408817	0.0	0.0218796283829	0.000162381596752	0.000565610859729	0.00387596899225	0.0	0.00160184352518	0.0	0.0	0.0	0.0011834594143	0.000688604636605	0.00742064037378	0.0	0.0	0.0	0.0267676229071	0.000111515043379	0.0	0.0	0.00222319266346
k__Bacteria;p__Proteobacteria;c__Gammaproteobacteria;o__Enterobacteriales;f__Enterobacteriaceae;g__Klebsiella	0.0	0.0	0.0	0.0	0.0	0.0	0.0	0.0	0.0	0.0	0.0	0.0	0.0	0.0	0.0	0.0	0.0	0.0	0.0	0.000567161357406	0.0	0.0	0.0	0.0	0.0	0.0	0.00762838850293	0.0	0.000899591723756	0.0	0.0	0.0	0.0	0.0	0.0	0.000130555120372	0.0	0.0	0.0	0.0	0.0	0.000168520390967	0.000129962960556	0.0	0.0	0.0	0.0	0.0	0.0	0.0	0.0	0.0	0.0	0.000639863495788	0.0	0.0	0.0	0.0
k__Bacteria;p__Proteobacteria;c__Gammaproteobacteria;o__Enterobacteriales;f__Enterobacteriaceae;g__Proteus	0.0	0.0	0.0	0.0	0.0	0.0	0.0	0.0	0.0	0.0	0.0	0.0	0.0	0.0	0.0	0.0	0.0	0.0	0.0	0.00207959164382	0.0	0.0	0.0	0.0	0.0	0.0	0.0	0.0	0.0	0.0	0.0	0.0	0.0	0.0	0.0	0.0	0.0	0.0	0.0	0.0	0.0	0.0	0.0	0.0	0.0	0.0	0.0	0.0	0.0	0.0	0.0	0.0	0.0	0.0	0.0	0.0	0.0	0.0
k__Bacteria;p__Proteobacteria;c__Gammaproteobacteria;o__Enterobacteriales;f__Enterobacteriaceae;g__Serratia	0.0	0.0	0.0	0.0	0.0	0.0	0.0	0.0	0.0	0.0	0.0	0.0	0.0	0.0	0.0	0.0	0.0	0.0	0.0	0.0	0.0	0.0	0.0	0.0	0.0	0.0	0.0	0.0	0.0	0.0	0.0	0.0	0.0	0.0	0.0	0.0	0.0	0.0	0.0	0.0	0.0	0.0	0.000324907401391	0.0	0.0	0.0	0.0	0.0	0.0	0.0	0.0	0.0	0.0	0.0	0.0	0.0	0.0	0.0
k__Bacteria;p__Proteobacteria;c__Gammaproteobacteria;o__Pasteurellales;f__Pasteurellaceae;Other	0.0	0.0	0.0	0.0	0.0	0.0	0.0	0.0	0.0	0.0	0.0	0.0	0.0	0.0	0.0	0.0	0.0	0.0	0.0	0.0	0.0	0.0	0.0	0.0	0.0	0.0	0.0	0.0	0.0	0.0	0.0	0.0	0.0	0.0	0.0	0.000156666144446	0.0	0.0	0.0	0.0	0.0	0.0	0.0	0.0	0.0	0.0	0.0	0.0	0.0	0.0	0.0	0.0	0.0	0.0	0.0	0.0	0.0	0.0
k__Bacteria;p__Proteobacteria;c__Gammaproteobacteria;o__Pasteurellales;f__Pasteurellaceae;g__Haemophilus	0.0	0.0	0.0	0.0	0.0	0.0	0.0	0.000291776082698	0.0	0.0	0.000423222465644	0.0	0.00140679186024	0.000147901645406	0.0	0.00185109568531	0.0	0.000565646408145	0.0	0.000504143428805	0.0	0.0	0.0	0.000223922373577	0.0	0.00105974969721	0.000136221223267	0.0	0.0089267178742	0.0	0.0	0.0	0.000210362454509	0.0	0.000171438367907	0.000261110240744	0.000158579130986	0.000992617408028	0.000201965800458	0.0046549391069	0.0	0.00426918323784	0.00315160179349	0.0	0.0	0.0	0.000480879800958	0.00259896969416	0.00208668071698	0.00297741743392	0.0	0.0	0.0	0.000666524474779	0.00265405803243	0.0	0.0	0.0
k__Bacteria;p__Proteobacteria;c__Gammaproteobacteria;o__Pseudomonadales;f__Moraxellaceae;g__Enhydrobacter	0.0	0.0	0.0	0.0	0.0	0.0	0.0	0.0	0.0	0.0	0.0	0.0	0.0	0.0	0.0	0.0	0.0	0.0	0.0	0.0	0.0	0.0	0.0	0.0	0.0	0.0	0.0	0.0	0.0	0.0	0.0	0.0	0.0	0.0	0.0	0.0	0.0	0.0	0.0	0.0	0.0	0.0	0.0	0.0	0.0	0.0	0.0	0.0	0.0	0.0	0.0	0.0	0.0	0.0	0.0	0.0	0.0	0.0
k__Bacteria;p__Proteobacteria;c__Gammaproteobacteria;o__Pseudomonadales;f__Pseudomonadaceae;g__Pseudomonas	0.0	0.0	0.0	0.0	0.0	0.0	0.0	0.0	0.0	0.0	0.0	0.0	0.0	0.0	0.0	0.0	0.0	0.0	0.0	0.0	0.0	0.0	0.0	0.0	0.0	0.0	0.0	0.0	0.0	0.0	0.0	0.0	0.0	0.0	0.0	0.0	0.000158579130986	0.0	0.0	0.0	0.0	0.0	0.0	0.0	0.0	0.0	0.0	0.0	0.0	0.0	0.0	0.0	0.0	0.0	0.0	0.0	0.0	0.0
k__Bacteria;p__Proteobacteria;c__Gammaproteobacteria;o__Xanthomonadales;f__Xanthomonadaceae;g__Stenotrophomonas	0.0	0.0	0.0	0.0	0.0	0.0	0.0	0.0	0.0	0.0	0.0	0.0	0.0	0.0	0.0	0.0	0.0	0.0	0.0	0.0	0.0	0.0	0.0	0.0	0.0	0.0	0.0	0.0	0.0	0.0	0.0	0.0	0.0	0.0	0.0	0.0	0.0	0.0	0.0	0.0	0.0	0.0	0.0	0.0	0.0	0.0	0.0	0.0	0.0	0.0	0.0	0.0	0.0	0.0	0.0	0.0	0.0	0.0
k__Bacteria;p__Spirochaetes;c__[Brachyspirae];o__[Brachyspirales];f__Brachyspiraceae;g__Brachyspira	0.0	0.0	0.0	0.0	0.0	0.0	0.0	0.0	0.0	0.0	0.0	0.0	0.0	0.0	0.0	0.0	0.0	0.0	0.0	0.0	0.0	0.0	0.0	0.0	0.0	0.0	0.0	0.0	0.0	0.0	0.0	0.0	0.0	0.0	0.0	0.0	0.0	0.0	0.0	0.000378890392422	0.0	0.0	0.0	0.0	0.0	0.0	0.0	0.0	0.0	0.0	0.0	0.0	0.0	0.0	0.0	0.0	0.0	0.0
k__Bacteria;p__Synergistetes;c__Synergistia;o__Synergistales;f__Dethiosulfovibrionaceae;g__Pyramidobacter	0.0	0.0	0.0	0.0	0.0	0.0	0.0	0.0	0.0	0.0	0.0	0.0	0.0	0.0	0.0	0.0	0.0	0.0	0.0	0.0	0.0	0.0	0.0	0.000111961186789	0.0	0.0	0.0	0.0	0.0	0.0	0.0	0.0	0.0	0.0	0.0	0.0	0.0	0.0	0.0	0.0	0.0	0.0	0.0	0.0	0.0	0.0	0.0	0.0	0.0	0.0	0.0	0.0	0.0	0.0	0.0	0.0	0.0	0.0
k__Bacteria;p__Synergistetes;c__Synergistia;o__Synergistales;f__Synergistaceae;Other	0.0	0.0	0.0	0.0	0.0	0.0	0.0	0.0	0.0	0.0	0.0	0.0	0.0	0.0	0.0	0.0	0.0	0.0	0.0	0.0	0.0	0.0	0.0	0.0	0.0	0.0	0.0	0.0	0.0	0.0	0.0	0.0	0.0	0.0	0.0	0.0	0.0	0.0	0.0	0.0	0.0	0.0	0.0	0.0	0.000119840851349	0.0	0.0	0.0	0.0	0.0	0.0	0.0	0.0	0.0	0.0	0.0	0.0	0.0
k__Bacteria;p__TM7;c__TM7-3;o__;f__;g__	0.0	0.0	0.0	0.0	0.0	0.0	0.0	0.0	0.000104508496541	0.0	0.0	0.0	0.0	0.0	0.0	0.0	0.0	0.0	0.0	0.0	0.0	0.0	0.0	0.0	0.0	0.0	0.0	0.0	0.0	0.0	0.0	0.0	0.0	0.0	0.0	0.0	0.0	0.0	0.0	0.0	0.0	0.0	0.0	0.0	0.0	0.0	0.0	0.0	0.0	0.0	0.0	0.0	0.0	0.0	0.0	0.0	0.0	0.0
k__Bacteria;p__Tenericutes;c__Mollicutes;o__Anaeroplasmatales;f__Anaeroplasmataceae;g__	0.0	0.0	0.0	0.0	0.0	0.0	0.0	0.0	0.0	0.0	0.0	0.0	0.0	0.0	0.0	0.0	0.0	0.0	0.0	0.0	0.0	0.0	0.0	0.0	0.0	0.0	0.000317849520955	0.0	0.0	0.0	0.0	0.0	0.0	0.0	0.0	0.0	0.0	0.0	0.0	0.0	0.0	0.0	0.0	0.0	0.0	0.0	0.0	0.0	0.0	0.0	0.0	0.0	0.0	0.0	0.0	0.0	0.0	0.0
k__Bacteria;p__Tenericutes;c__Mollicutes;o__RF39;f__;g__	0.0	0.00026399155227	0.000121098362145	0.0018583262465	0.0	0.0	0.0	0.0	0.0	0.0	0.0	0.0	0.0	0.0	0.0	0.0	0.0	0.0	0.0	0.0	0.0	0.0	0.00186524552722	0.0	0.0	0.0	0.000317849520955	0.0	0.0	0.0	0.0	0.0	0.0	0.0	0.0	0.0	0.0	0.0	0.0	0.0	0.0	0.0	0.0	0.0	0.0	0.00114237359848	0.0	0.0	0.0	0.0	0.0	0.0	0.0	0.0	0.0	0.0	0.00150075037519	0.0
k__Bacteria;p__Tenericutes;c__RF3;o__ML615J-28;f__;g__	0.0	0.0	0.0	0.0	0.0	0.0	0.0	0.0	0.0	0.0	0.0	0.0	0.0	0.0	0.0	0.0	0.0	0.0	0.000378843684886	0.0	0.0	0.0	0.0	0.0	0.0	0.0	0.00281523861418	0.0	0.0	0.0	0.00119096697357	0.0	0.0	0.000609838731535	0.0	0.0	0.0	0.0	0.0	0.0	0.0	0.0	0.0	0.00132081834532	0.0	0.000486566532685	0.0	0.0	0.0	0.0	0.0	0.0	0.0	0.0	0.0	0.0	0.0	0.0
k__Bacteria;p__Verrucomicrobia;c__Opitutae;o__[Cerasicoccales];f__[Cerasicoccaceae];g__	0.0	0.0	0.0	0.0	0.0	0.0	0.0	0.0	0.0	0.0	0.0	0.0	0.0	0.0	0.0	0.0	0.0	0.0	0.00065245301286	0.0	0.0	0.0	0.000418728587743	0.0	0.0	0.0	0.0	0.0	0.0	0.0	0.0	0.0	0.0	0.0	0.0	0.0	0.0	0.0	0.0	0.0	0.0	0.0	0.0	0.0	0.0	0.000888512798815	0.0	0.0	0.0	0.0	0.0	0.0	0.0	0.0	0.0	0.0	0.0	0.0
k__Bacteria;p__Verrucomicrobia;c__Verrucomicrobiae;o__Verrucomicrobiales;f__Verrucomicrobiaceae;g__Akkermansia	0.00886147887769	0.000219992960225	0.000877963125549	0.0	0.0	0.0	0.0	0.0105873035722	0.00209016993082	0.0	0.00236506671978	0.0068255071731	0.0	0.0	0.0	0.0	0.0126344631622	0.0	0.00199945278134	0.0	0.00296075226794	0.0	0.000114198705748	0.0	0.0	0.0	0.00631158334469	0.0	0.0	0.0	0.00201548257066	0.0	0.0	0.00233771513755	0.0	0.000261110240744	0.00174437044085	0.0	0.0	0.0	0.0	0.0	0.000519851842225	0.015653102518	0.0140453477782	0.00190395599746	0.0	0.0	0.0	0.0	0.0765455820113	0.0	0.0	0.0	0.0	0.000221067757268	0.000541937635484	0.0
